2.9120043720376506712908314418	16.977887870424005965033631372
2.4118682598670247678589213191	8.928998281366898376073553557
2.0602403624676604440097629218	5.430572921448984371567145937
1.7969543723378792820713411125	3.670200031679646079197249076
1.59011201731431682822153466928	2.687075864540861715810229091
1.42131562742220138780180123286	2.0945591733374377319147103937
1.27930418636066564602375801184	1.7169301183893677568934636279
1.15690235289648458842246316136	1.4664153755569552389105347948
1.04943601306614501825429467256	1.2956946107162959888978723111
0.95385522046301458507064092374	1.1775572150481867937831591467
0.86821827576440331353362832431	1.095428075316351425578262304
0.79136305768802561949038017756	1.0386450939528198445722158914
0.7226702504745180075387402868	0.9999787230149814573614589776
0.6618646368117356162456201641	0.9742854036460503962805476363
0.60882988902943076454377839695	0.9577698263069200360362794216
0.56343849430611224186864227841	0.9475841049372743391466392944
0.52541893816838264459568021089	0.9416064531928138074630431146
0.49428719249337888353155900283	0.9383018084991668374636595365
0.469353593325794638162401331	0.936609070684620873622582621
0.44978915491457572317982263417	0.9358337169583611997242436833
0.43471673905696522117323472743	0.9355466887677307871892739788
0.42329347856430364495030253417	0.9354979165952815349661136558
0.41476590553402977829009631463	0.9355500986955369743551474826
0.40849545263514517353279183724	0.935632763742414233248683494
0.40396138676915549032860475769	0.9357128956674527870957484666
0.4007504534315943547790576176	0.9357773392915583125602074616
0.39854076975184128467009639191	0.9358228132801746736850608986
0.39708474038485842371662924645	0.9358505052233832170573595048
0.39619345239923182754490338741	0.9358632863868702711206279956
0.39572349710385896281409517257	0.9358643622079012552414481822
0.39556634170800656081041586886	0.9358566794447550336886190563
0.39563999561833724848421876409	0.935842714977433692194297618
0.39588258884707464888227157359	0.9358244457757240057625353141
0.39624747590953985397116549432	0.9358033963258380372883513428
0.39669952552272929078037814302	0.9357807120239724798841349293
0.39721231765611755492830521254	0.9357572345062222836615220707
0.39776602841363185000732436759	0.9357335689088863368145465229
0.3983458336359712056286087512	0.935710139933532617040282047
0.39894070273826350109690898834	0.9356872367536278180270912948
0.3995424859500681749944553903	0.9356650480808050541893802537
0.40014522229545621473421862544	0.9356436890750737141956797034
0.40074461388916627039161214565	0.9356232217378988120698789499
0.40133762579232242138476008872	0.9356036702152243813177430837
0.4019221808769640166232174283	0.9355850321877942643155675457
0.40249692675925261510603027593	0.9355672872860934951977477455
0.4030610575375504578484672865	0.935550403260557815263003156
0.40361417731031302968185460357	0.9355343404701675196015887354
0.40415619562001883071435074247	0.9355190551155830983712188117
0.40468724734763656554864235399	0.9355045015421470285256531657
0.40520763137047880351712100296	0.9354906338540693790548998122
0.40571776364488997609738670466	0.935477407023072440410437712
0.40621814139520275974145703193	0.9354647776271631474037065609
0.40670931586414303800193292883	0.9354527043204879845043173887
0.40719187166855243686542245486	0.9354411481092920127672582934
0.40766641125348768072232009549	0.9354300724904870329240403071
0.4081335432814674210853851211	0.9354194434924730499355949201
0.40859387405734845890513998304	0.9354092296498939020918155559
0.40904800129216502034530919907	0.9353994019331483801730439575
0.40949650966568094140077569973	0.9353899336497119724330360134
0.40993996776828877598918567533	0.935380800327896479925144535
0.41037892609650976486423575403	0.9353719795926325544396220095
0.41081391584899253218917854525	0.9353634510376526311473107526
0.41124544832637324171457650038	0.9353551960993430358089978384
0.41167401478231557606000122628	0.9353471979342511725451611773
0.41210008660731075252812300847	0.9353394413025074524204424055
0.41252411575355165820435401269	0.9353319124577962878384198033
0.41294653533007145144678945039	0.9353245990447205898644185625
0.41336776031364711397751984601	0.9353174900037852710851263334
0.41378818833371333287511676431	0.9353105754837489053372262955
0.41420820049948915981965328161	0.9353038467615275515219042188
0.41462816224529425799684509436	0.9352972961689450597541082746
0.41504842417609515063472270871	0.9352909170261029425356816685
0.41546932290004348794524666428	0.9352847035812479191505023362
0.41589118183843658439784127621	0.9352786509561478987909584045
0.41631431200637160053839253627	0.9352727550969858804114258882
0.41673901275955638982312748694	0.9352670127305084054797798578
0.41716557250442179967370127277	0.9352614213242099248559110071
0.41759426936996197751861588369	0.9352559790513562405753123918
0.41802537184069749671998857118	0.9352506847592947747240454516
0.41845913935087907542135706065	0.935245537941787709618683138
0.41889582284058107730001890152	0.9352405387141910368615866404
0.41933566527471625824246840748	0.9352356877918513055641044558
0.41977890212626980308771664402	0.9352309864709259080618449792
0.42022576182522794717598699739	0.9352264366119525067595013727
0.42067646617478517359361175324	0.935222040625415905298472712
0.42113123073647047519729288627	0.9352178014593253888616893664
0.42159026518585032114734141647	0.9352137225888194868044487786
0.42205377364045385618553974019	0.9352098080072515687585772889
0.42252195496153237703145830129	0.9352060622188837741186955855
0.42299500303121642496700690388	0.9352024902329147821350851561
0.42347310700657468811052059263	0.9351990975588088839472880398
0.42395645155201300859667972512	0.9351958902026565493534432542
0.42444521705138197221306096753	0.9351928746646109108339275358
0.4249395798010899755912886477	0.9351900579372120736426043877
0.42543971218544693199833197318	0.9351874475045257201191919698
0.42594578283539309927088971266	0.9351850513419969949240302662
0.42645795677169875190347101223	0.9351828779170093058171640191
0.42697639553365419625723113604	0.9351809361898874078918569856
0.42750125729420634731588971447	0.9351792356155331802992982205
0.42803269696243801544951981433	0.9351777861454711562312276788
0.42857086627422932289131040504	0.9351765982301417910735555301
0.42911591387188733988278068067	0.9351756828216556725020594743
0.42966798537348007894011064363	0.9351750513767099907884248325
0.43022722343256434606481932988	0.9351747158597750035355473203
0.43079376778895351595186938194	0.9351746887463585292696132736
0.4313677553111309477637642686	0.9351749830264131112634488141
0.43194932003087734164317338176	0.935175612207789195669401701
0.43253859317064569896944768049	0.9351765903196937758767236201
0.43313570316418553148831043722	0.9351779319161044657271455627
0.43374077567088840040290077563	0.9351796520791295297516484094
0.43435393358429959880397550413	0.9351817664222190696291643749
0.43497529703521565769786925899	0.9351842910932337210966840165
0.43560498338976420666127150136	0.9351872427773022442416212357
0.43624310724284140554079487387	0.935190638699441652393005327
0.43688978040726254393657106666	0.9351944966268962252552679304
0.43754511189896334546841957753	0.9351988348712235839891095209
0.43820920791857288690497845926	0.9352036722898400468850844192
0.43888217182966372936229913684	0.9352090282874456460280482431
0.43956410413397074560644384185	0.9352149228168119133639831181
0.44025510244385710877620682068	0.9352213763791727390869692763
0.44095526145229388527841081906	0.9352284100241598629162218265
0.44166467290060855164681569756	0.9352360453491919262596606927
0.44238342554424745595850096739	0.9352443044982384405402140839
0.44311160511678766430998847837	0.9352532101601009500995651963
0.44384929429242473267162963236	0.9352627855658820756818734815
0.44459657264715461878641984073	0.9352730544860419571309796771
0.44535351661886015361382676616	0.935284041226521301078743627
0.44612019946650516275733903516	0.9352957706243250384400711258
0.44689669122863240565932410144	0.9353082680422062190476750941
0.44768305868135493720382302069	0.9353215593626201718553301671
0.44847936529602424095637089257	0.9353356709809668678285165678
0.44928567119675249740204364883	0.9353506297977528482253646328
0.45010203311796058689065297952	0.9353664632101545230503932291
0.4509285043621178552015633597	0.935383199102471583332919643
0.45176513475783425302868113749	0.935400865835760131600274182
0.45261197061846016684468821992	0.9354194922365333573788168954
0.45346905470134406423720948591	0.9354391075844702615274216811
0.4543364261678929532994432534	0.9354597415990549546151054073
0.45521412054457558205432138728	0.9354814244253468402534866733
0.45610216968500325830734368057	0.9355041866186238337769027795
0.45700060173321814053361431993	0.935528059127986047971148953
0.45790944108831381057039994711	0.9355530732789484523641532081
0.45882870837050789215139217571	0.9355792607548742060002570792
0.45975842038878139370308559803	0.9356066535773775889592204642
0.46069859011019433855870064504	0.935635284085575459593563458
0.46164922663098208477724827616	0.9356651849142796038816289515
0.46261033514953152382515939087	0.9356963889709551398775828953
0.46358191694133108139278723946	0.9357289294117327878985595507
0.46456396933598312216828901059	0.935762839616022174916938948
0.46555648569636198065015474777	0.9357981531602376313895588227
0.46655945539999540470474466945	0.9358349037903035883340895131
0.46757286382274170739974110862	0.9358731253928246403013991296
0.46859669232482938353980571205	0.935912851965487446638706485
0.46963091823932035671693128806	0.9359541175859904531474770539
0.47067551486305239140968241556	0.9359969563800100207797994754
0.47173045145011054954356863414	0.9360414024880405348337908777
0.4727956932078718635427419707	0.9360874900311042703062344961
0.47387120129566170396913388437	0.9361352530753297935228330073
0.4749569328260545866740279314	0.9361847255955288195605244428
0.47605284086884645086237971414	0.936235941437622286083285208
0.47715887445771972431999216505	0.9362889342801025009497297485
0.47827497859961680526610753593	0.9363437375944114086708359675
0.47940109428683193129284758459	0.9364003846043422013391340626
0.48053715851182579074416555755	0.9364589082444555719602944195
0.48168310428476167603331313589	0.9365193411175646880054115913
0.48283886065375648448975425466	0.9365817154512609058445059788
0.48400435272783446245700883885	0.9366460630535970168073900338
0.48517950170256626770809378159	0.9367124152678582835935347667
0.48636422488837070825631700002	0.93678080292654516311801755
0.48755843574145141470004878626	0.9368512563046020284166127792
0.48876204389733572845700493322	0.9369238050717267787374594028
0.48997495520697825162305104845	0.9369984782442619103017464595
0.49119707177538681655885808053	0.9370753041360622538314686373
0.49242829200272410599576934623	0.9371543103090373414921061317
0.49366851062783379451473188299	0.9372355235229269317611537998
0.49491761877413590485243710683	0.9373189696845763636027679555
0.49617550399783207827382564299	0.9374046737967518881893346235
0.49744205033835766310144856841	0.9374926599064526344730761595
0.49871713837101393728196551229	0.9375829510528175602094164599
0.50000064526171039082198880842	0.9376755692147504420667392069
0.50129244482374383860968466238	0.9377705352581715088375316898
0.50259240757653818400670376475	0.9378678688830072723111880827
0.50390040080626594051246786104	0.9379675885700195722340865697
0.50521628862827013120635522482	0.9380697115274945261945003953
0.50653993205120293341913206359	0.9381742536377110039080746496
0.50787118904279541759722782242	0.9382812294035370782955608231
0.50920991459717094967239281335	0.9383906518948921542592791771
0.51055596080361328031302746984	0.9385025326953214728819187003
0.51190917691669904061307643242	0.9386168818486709392509687371
0.51326940942770328978321050436	0.9387337078059327519359560281
0.51463650213718592482978017086	0.9388530173722617168339039277
0.51601029622866615709060408554	0.9389748156543021955385102816
0.51739063034329188051918482048	0.9390991060078296985189488367
0.51877734065541060573310020859	0.9392258899857435652529047642
0.52017026094894869660240315915	0.939355167286488928510204807
0.5215692226945059275176461879	0.9394869357029205386594955017
0.52297405512707286610731667629	0.9396211910717520615792006295
0.52438458532427927488293833026	0.9397579272234999359144946473
0.52580063828508260949326495587	0.9398971359330986036563952631
0.52722203700880676055283811223	0.940038806871161285194279521
0.52864860257444243702730372677	0.9401829275559494450657643424
0.53008015422012200800767671961	0.9403294833061095465056695128
0.53151650942268320352107797628	0.9404784571942004163860811995
0.53295748397723781012300556626	0.940629830001111891369674943
0.53440289207666337699152072142	0.9407835801712312781745073296
0.5358525463909379634605018232	0.9409396837688449300997836925
0.53730625814624009781890053107	0.9410981144350859134920732983
0.53876383720373837328570347351	0.9412588433462451768180158428
0.5402250921379974672918426095	0.9414218391730036330363825565
0.54168983031492982869844458107	0.9415870680406549796661768625
0.54315785796922481922199686291	0.9417544934907152156883130922
0.54462898028118971645520086713	0.9419240764433233173691736611
0.54610300145293967268603582687	0.942095775161147521608893325
0.54757972478387646750973758161	0.9422695452143326631227972898
0.54905895274539868507320005848	0.9424453394467519384693879711
0.55054048705478877831294632165	0.9426231079435351769616752933
0.55202412874822534362361274093	0.9428027979999100251982666773
0.55350967825287181219252527907	0.9429843540913449745001077343
0.55499693545799565985590616939	0.9431677178450543319115648842
0.55648569978507513747752412541	0.9433528280129500291252801035
0.55797577025685342025136509934	0.9435396204458739633036139066
0.5594669455653029616510659916	0.9437280280693765188326923941
0.56095902413846570477412361401	0.9439179808608658131327858675
0.56245180420613764813155935959	0.9441094058281792716218069274
0.56394508386436907411443193068	0.9443022269898725545956228651
0.56543866113875452441704128653	0.9444963653565852204959341166
0.56693233404648933648547721798	0.9446917389143301396784890745
0.56842590065717223847962193009	0.9448882626090557200203505237
0.56991915915233612998811866517	0.9450858483328769393334860424
0.57141190788369174604546597597	0.9452844049117556954684230916
0.57290394543007140956870273676	0.9454838380948463213154457354
0.57439507065306252107202056347	0.9456840505452921540706485109
0.57588508275132280683497784475	0.9458849418328093956494786233
0.57737378131357164168796072342	0.9460864084274607259276200333
0.57886096637025399266024225959	0.9462883436955236535143472523
0.58034643844387566900402965223	0.9464906378966077380895811925
0.58182999859801063255477079918	0.9466931781825158053027564671
0.58331144848498310311853617101	0.9468958485976050739458934107
0.58479059039222909410115965117	0.94709853008095744286949036
0.5862672272873438280242606929	0.9473011004699876699377436318
0.58774116286182321065396109567	0.9475034345057297567356592984
0.5892122015735091860785715605	0.9477054038397554931218830687
0.59068014868775035195062043222	0.9479068770427382835504838971
0.59214481031729068541365554597	0.9481077196145162026245313558
0.59360599346090061433385089423	0.948307793995989881011391317
0.59506350604076596856506179817	0.9485069595823828586957273033
0.59651715693865156004847735048	0.9487050727383371730618337374
0.59796675603085727048074363995	0.948901986814602470161553053
0.59941211422198557400704593696	0.9490975521660512680589737882
0.60085304347754038646299418722	0.9492916161717568529552833854
0.60228935685537801994997735362	0.9494840232562604852190174711
0.60372086853603182675587999579	0.9496746149128131124381432451
0.60514739385193284750090745688	0.9498632297279387517238195036
0.60656874931554943141988330926	0.9500497034075347618747125134
0.60798475264646937956499584689	0.9502338688049336768317970211
0.60939522279744866926095808892	0.950415555950143877599077656
0.61079997997945125973930782523	0.9505945920808992202194428757
0.61219884568570485248943975885	0.9507708016752248373360627815
0.61359164271479778679134964752	0.9509440064854083423798018446
0.6149781951928424976756493664	0.95111402557378714821218466
0.61635832859473114940439382004	0.9512806753498162913511100656
0.6177318697645091822720946559	0.9514437696088949681350512016
0.61909864693489258744101435936	0.9516031195725598155232857034
0.62045848974595473721096895453	0.9517585339302262261611626751
0.62181122926300857123223689667	0.95190981888245415368560183
0.62315669799370985365312406331	0.9520567781857219089632511092
0.62449472990440709413255317297	0.9521992131986114836564136392
0.62582516043576355634845671905	0.9523369229295731541174346513
0.62714782651767655214575325425	0.9524697040860036426083389073
0.62846256658351899092229782328	0.9525973511248751373998816094
0.6297692205837278604175796077	0.9527196563049404086504526241
0.63106762999876396358928359385	0.9528364097397128883336706169
0.63235763785146693755882861166	0.9529473994529084623747952978
0.633639088718829147685716159	0.9530524114343626917423072172
0.63491182874321166404803813966	0.9531512296975691968685390648
0.63617570564302508220253338736	0.9532436363389234978834747552
0.63743056872289748799521614893	0.9533294115978569102153716796
0.63867626888335139405511314488	0.953408333918603274478802523
0.63991265863001094996166323633	0.9534801800130509859473543456
0.64113959208236023633912289321	0.9535447249250321626374362167
0.64235692498207289445194033424	0.953601742095866242999018207
0.64356451470093280137923377716	0.9536510034311009200458736689
0.64476222024836493699545673233	0.9536922793685477177852443212
0.64594990227859501011591311828	0.9537253389474898079106269287
0.64712742309745583554474185976	0.9537499498790873096316050452
0.6482946466688578498752324368	0.9537658786179709767010821483
0.64945143862094056785365504746	0.9537728904349679895883959225
0.65059766625192116966472412784	0.9537707494909649393378173237
0.65173319853565580648723962722	0.9537592189118388169068573903
0.65285790612692859986862798147	0.9537380608645199450161799529
0.65397166136648270317774545289	0.9537070366340414307162752832
0.6550743382858071785882325426	0.9536659067017179152471957683
0.65616581261169283827972941657	0.9536144308241067626827459934
0.65724596177056958676794961681	0.9535523681132054728658406169
0.65831466489263720142830923652	0.9534794771174504794635354272
0.65937180281580088468293734224	0.953395515903640441344034343
0.66041725808942232840738894806	0.9533002421396068882308481942
0.66145091497789644049390966061	0.9531934131781427930585906171
0.66247265946406330331436916072	0.9530747861412093808790297813
0.66348237925246435424785892821	0.9529441180053870060411416156
0.66447996377245121627135917353	0.9528011656877856176906970741
0.6654653041811550434703319264	0.9526456861329526256073207002
0.66643829336632370072598083742	0.9524774364000314525192626022
0.66739882594903355484768773561	0.9522961737510082077800693448
0.6683467982862821266929381819	0.9521016557394461106887172916
0.66928210847346733404288689645	0.9518936402996334999253909431
0.67020465634675855209362786754	0.9516718858364388917666629621
0.6711143434853642164868336752	0.9514361513156151501813203209
0.67201107321370021780319247605	0.9511861963545324906471660082
0.67289475060346285858140022298	0.9509217813134166825881194536
0.67376528247560969341657461167	0.9506426673868855254185725078
0.67462257740225111990595145697	0.9503486166957743451667546134
0.67546654570845516006075537774	0.9500393923795731274978696368
0.67629709947396745521413039196	0.9497147586884632815348512511
0.67711415253484808520397824593	0.9493744810764492783788950266
0.67791762048502643894685114901	0.9490183262937808578880420607
0.67870742067777498172976311626	0.948646062480151288280441459
0.67948347222710239824715520449	0.9482574592575931908465886032
0.68024569600906624940561934068	0.9478522878235512391421725179
0.68099401466300493428336183157	0.947430321043911558141570941
0.68172835259268843431939610222	0.9469913335459570843022179706
0.68244863596738700676156748654	0.9465351018112129147298811589
0.68315479272285670159587737888	0.9460614042681305949181454759
0.68384675256224029397873835115	0.9455700213845600246008023754
0.68452444695688196288588634737	0.9450607357599713157810842124
0.68518780914705379131265199251	0.9445333322173567436348885976
0.68583677414259192708029115796	0.9439875978947710350202397405
0.68647127872344002019240824169	0.9434233223365106016847098681
0.68709126144009733931400664817	0.942840297583735987212296935
0.68769666261396877572844984154	0.942238318264712235876601877
0.68828742433761375915737466726	0.9416171816843977493971822195
0.6888634904748909375837918785	0.940976687913452313335620257
0.68942480666099531773505368213	0.9403166398764975160705668098
0.68997132030238441780134018043	0.9396368434400018407631950602
0.69050298057658985314320537522	0.9389371074988168872854294449
0.69101973843191065387046599196	0.9382172440625681817509708857
0.69152154658698451024148338029	0.9374770683405956992351600558
0.6920083595302330442758802567	0.9367163988263555219988069728
0.69248013351917712276659989116	0.9359350573807637878222581712
0.69293682657961815880519908675	0.9351328693144191436032381457
0.69337839850468128589080530372	0.9343096634689204594358698644
0.69380481085371624193891134312	0.9334652722969014172940163535
0.69421602695105176293355624864	0.9325995319410268827911756554
0.69461201188459925733082278815	0.9317122823118849502396618765
0.6949927325043015209862725574	0.9308033671642042309913222868
0.69535815742042223605443284919	0.9298726341722043693429853598
0.69570825700167201785157125048	0.9289199350033949199169717739
0.69604300337316676586614991831	0.9279451253909178257902002943
0.69636237041421411794778706245	0.9269480652045934617040594023
0.69666633375592382707488821587	0.925928618520401431438134981
0.69695487077863792370536648023	0.924886653688255497851990513
0.69722796060917657731912600141	0.9238220433985001414002995941
0.69748558411789562930872431072	0.9227346647466461015804627213
0.69772772391555183287730244388	0.9216243992961542208891438466
0.69795436434997191134291922705	0.9204911331400848396484693434
0.69816549150252162689744050334	0.9193347569604849836271241048
0.69836109318437113910197182699	0.9181551660861928631837041282
0.69854115893255303124383816572	0.9169522605488298342522081476
0.69870568000580947941406399776	0.9157259451367827160757525927
0.6988546493802251521495971055	0.9144761294476525262907108494
0.69898806174464253958951720708	0.9132027279381081435347410043
0.69910591349585653450652004205	0.9119056599723638181355641381
0.69920820273358520854414937591	0.9105848498682937884840575861
0.69929492925521386255298906065	0.9092402269419545026077008675
0.69936609455030956367804722676	0.9078717255493543915083754673
0.69942170179490352059191029431	0.9064792851267185631837159188
0.69946175584553879560577104536	0.9050628502282007719946357192
0.69948626323308100149473354145	0.9036223705619180172311812203
0.69949523215628977945869654744	0.9021578010234839253446931034
0.69948867247514901712543477159	0.9006691017269711770469576583
0.6994665957039539184663535094	0.899156238034770251498659921
0.69942901500415320465886228499	0.8976191805839736412372872008
0.69937594517694489133099337565	0.8960579053111017905264961924
0.69930740265562424476087271528	0.8944723934748071095300283941
0.69922340549768270700409721152	0.8928626316755939612424013208
0.69912397337665673535344283878	0.8912286118736918404314300566
0.69900912757372568283339381571	0.8895703314046197104727976403
0.69887889096905802977719625139	0.8878877929921848592036052883
0.69873328803290542210019499451	0.8861810047593358365787862397
0.69857234481644419801686012386	0.8844499802364819041475717601
0.69839608894236421244353445973	0.8826947383676998027153644114
0.69820454959520498528818891797	0.8809153035142380384165195368
0.6979977575114393516580903924	0.8791117054564214759222557719
0.69777574496930499217683403809	0.8772839793916205997741487197
0.69753854577838438194693096086	0.8754321659318629253714069911
0.69728619526893388883823736992	0.8735563110975421707211642223
0.69701873028096292115991540397	0.8716564663096720421447542331
0.69673618915306420279590252135	0.8697326883792286254103176139
0.69643861171099643510790453575	0.8677850394941057651091474634
0.69612603925602077009006072934	0.865813587204615612599211729
0.6957985145529927010439449515	0.863818404405555552998300612
0.69545608181821114409046119358	0.8617995693166459242690044981
0.69509878670702665492668676413	0.8597571654603223959415895039
0.69472667630121088927394513438	0.8576912816376491138676629745
0.69433979909608959233929951107	0.8556020119014755916825613606
0.69393820498744155173968355396	0.8534894555277939088823262004
0.69352194525816610547395822522	0.851353716984419128677586673
0.69309107256472201359832675298	0.8491949058979076216441205759
0.69264564092334052457465127401	0.8470131370181616584461728265
0.69218570569601579097768942362	0.8448085301804089384272196521
0.69171132357627580350901308665	0.8425812102662866923517035566
0.69122255257473722092053471351	0.8403313071606809993836164278
0.69071945200444760784219734126	0.8380589557092184180172490719
0.69020208246601872653077042287	0.8357642956713270227565163251
0.68967050583255466762183304942	0.8334474716727005240974511408
0.68912478523437872021377926371	0.8311086331551487146905884032
0.68856498504356309752206145036	0.8287479343251191419630656935
0.68799117085826556494543750428	0.826365534099340724677399138
0.68740340948687739559874372919	0.8239615960489836799119265993
0.6868017689319869796722382927	0.8215362883432924072708647752
0.68618631837416364943264392153	0.8190897836890555002043870073
0.68555712815556633760307764857	0.8166222592702052812771294794
0.68491426976338180920358391498	0.8141338966847511727232976488
0.68425781581309733446597633414	0.8116248818805402241746826849
0.68358784003161268028485996395	0.8090954050890906399434993303
0.68290441724019651151312222579	0.8065456607580269847573523092
0.6822076233372922812925153169	0.803975847481640607497950663
0.68149753528117880382118031519	0.8013861679306274373107755185
0.68077423107249084569331878542	0.7987768287795767617625812103
0.68003778973660499266414795114	0.7961480406336168371519660149
0.67928829130589628710569458619	0.7935000179535001697248511735
0.67852581680187113725489742417	0.7908329789794577227136145037
0.67775044821718200596634687323	0.7881471456537144846056395582
0.67696226849752926558725987746	0.7854427435418635586302265286
0.67616136152345648310463150498	0.7827200017530914767155668084
0.67534781209204451820545655693	0.7799791528593152120374338288
0.67452170589850930276824940069	0.77722043281313123711808185
0.67368312951771084282687309781	0.7744440808649711406698688194
0.67283217038557785261405937085	0.7716503394791771388759912697
0.6719689167804545664409108841	0.7688394542491647051903398216
0.67109345780437461159306092961	0.7660116738117563175099133387
0.67020588336427003266918650831	0.7631672497611738679980344946
0.66930628415311841508917457691	0.760306436561212377221322517
0.66839475163103691713608851862	0.7574294914576236829517139101
0.66747137800632606166775930078	0.7545366743900445993784799201
0.6665362562164725204231035099	0.7516282479022558140937498519
0.66558947990911441682495816158	0.7487044770531789898574800341
0.6646311434229759538501686174	0.7457656293264330540057659273
0.66366134176877722258111987486	0.7428119745399982129136044206
0.66268017061012502361428998492	0.7398437847552902133528347664
0.6616877262443905938143926122	0.7368613341859432643667389469
0.66068410558358022652680981334	0.7338648991065238402050155021
0.65966940613520374818961140792	0.7308547577606644079120840998
0.65864372598314936280009114801	0.7278311902692990884463789331
0.65760716376856543882252783658	0.7247944785387349183988960973
0.65655981867076195869526396295	0.7217449061685961258199132415
0.65550179038813038040641147798	0.7186827583598691092068989874
0.65443317911909219940636729303	0.7156083218226701537355425253
0.65335408554308060310232491815	0.7125218846846391024922944486
0.65226461080156014053744670135	0.7094237363990173285247619442
0.65116485647908959642032283601	0.706314167652862481476843945
0.65005492458443532450155717848	0.7031934702762430497227957903
0.64893491753173876851020963611	0.7000619371500199097447115636
0.64780493812174353178124312654	0.6969198621165145861952340466
0.64666508952308927020859279097	0.6937675398875188697422535548
0.64551547525367398770373250518	0.6906052659557322411605611869
0.64435619916209346697452794582	0.6874333365040127324786256601
0.64318736540916084162217093867	0.6842520483168742231259777297
0.6420090784495111535036699025	0.6810616986918648500447423131
0.64082144301329766379306477882	0.6778625853514126803347964336
0.63962456408798272077910141659	0.6746550063555375807293985318
0.63841854690022795404273089142	0.6714392600151610664970277343
0.63720349689789035741472648011	0.6682156448059338920231526041
0.63597951973212688407000826544	0.6649844592830548836965285955
0.63474672123961282891265681696	0.6617460019966992554474568972
0.63350520742487826314288868519	0.6585005714081673310911514618
0.63225508444276676306331768963	0.6552484658070500374446389321
0.63099645858102067921988900566	0.6519899832291048081162068327
0.62972943624299696063477484844	0.6487254213751425773756445981
0.62845412393051762936606224754	0.6454550775307104159732583788
0.62717062822685872737769568361	0.6421792484869376036239161389
0.62587905577988154353359664719	0.6388982304621115059249805726
0.62457951328530987928934912447	0.6356123190244393558625636397
0.62327210747015689942404389716	0.632321809015915283102364939
0.62195694507630509215823604959	0.6290269944768499204453685088
0.62063413284424271405385255061	0.6257281685722114400874461769
0.6193037774969600500644649658	0.6224256235182019232174730887
0.61796598572400864685002634246	0.6191196505109200779301292219
0.61662086416572662335486410093	0.6158105396551654063800364092
0.61526851939763296224561946216	0.6124985798953130330936289082
0.61390905791499391755230579171	0.6091840589471126636715234985
0.61254258611756387467472430347	0.6058672632300738380136585643
0.61116921029450380109669918126	0.6025484778023126608261734849
0.6097890366094794336144163285	0.599227986295492325778514651
0.60840217108594197593549638881	0.5959060708516921892075455772
0.60700871959259348197582088394	0.5925830120613015624071000827
0.60560878782903919876705157521	0.5892590889023960021458782781
0.60420248131162903729319284951	0.5859345786811811599018212466
0.60278990535949020134964181511	0.582609756973939293370557251
0.60137116508075286478235451799	0.5792848975702343064006727681
0.59994636535897077880243387574	0.5759602724174721116434591134
0.59851561083973847899790343012	0.5726361515667126941251122109
0.59707900591750675018395383283	0.5693128031201099414582206001
0.59563665472259785672660901414	0.5659904931793234549184606208
0.59418866110842192714927462265	0.5626694857955806298551414519
0.59273512863889587717573681693	0.5593500429210152155913404421
0.5912761605760659401057008254	0.5560324243613721960080641986
0.58981185986793518430095321715	0.5527168877300944114544988365
0.58834232913649669730427202676	0.549403688403787116228238058
0.5868676706659735754678310384	0.5460930794790669931036702208
0.58538798639126666034832890226	0.5427853117307640051932429233
0.58390337788661028208916870348	0.5394806335715507317069664987
0.58241394635443724839681738044	0.5361792910128482375017100126
0.58091979261445317497861135012	0.5328815276272520589643904451
0.57942101709292073228076258299	0.5295875845121601530075904868
0.57791771981215424943210479866	0.5262977002549154772937652839
0.57641000038022496703751525341	0.5230121108991790478422940467
0.57489795798087688188967311512	0.5197310499127554260580602013
0.57338169136365354144383599388	0.5164547481567377155386366823
0.57186129883423572203473321058	0.5131834338559321037239718635
0.57033687824498991748278366948	0.5099173325707479847743916303
0.56880852698572780680642564825	0.5066566671702200381871902209
0.56727634197467405855673791789	0.5034016578065603606288078719
0.56574041964964844261773162356	0.5001525218908741956204848808
0.56420085595945389115960815525	0.4969094740702036247377375627
0.56265774635547388851051780177	0.4936727262058735331046576247
0.56111118578348278222605705204	0.4904424873531127226237616361
0.55956126867565884700277536336	0.4872189637419129663598268568
0.55800808894280632746796800215	0.4840023587591533962095408846
0.55645173996678697725704135495	0.4807928729319736176492839179
0.55489231459315558132757591311	0.4775907039123512521329911799
0.55332990512399604361569862204	0.4743960464628880944610442466
0.55176460331097203947778984405	0.4712090924438110398474459057
0.55019650034856874552303028799	0.4680300308011435084732855859
0.54862568686754494407877477304	0.4648590475560372495398666601
0.54705225292857984112699985853	0.4616963257952598749923199363
0.54547628801612801777481052	0.4585420456628277445604110934
0.54389788103246166277104543284	0.4553963843527414748937001448
0.54231712029191732102727251163	0.45225951610283121641039353
0.54073409351533818377196058844	0.4491316121896884300438680744
0.53914888782470557277938416168	0.4460128409246669499449931045
0.53756158973797002688868035135	0.4429033676509387227453913982
0.53597228516406627106080667021	0.4398033547415707689170646182
0.53438105939812426916250274979	0.4367129615986309579026938557
0.53278799711686787727478040244	0.433632344653298537296907011
0.53119318237419341760493558047	0.430561657366928303475439685
0.52959669859694097934127596452	0.4275010502331103282196762066
0.52799862858084483149772921126	0.4244506707806646256979460211
0.52639905448666611189577014328	0.4214106635775043924499055844
0.52479805783650490839522864369	0.4183811702355389592816865409
0.5231957195102910119748078986	0.4153623294163081963917453226
0.52159211974244580362044790106	0.4123542768375653301963732968
0.51998733811872974431494580751	0.4093571452808027239672578547
0.51838145357324658068419118128	0.4063710645993278061751110566
0.51677454438562900482458432241	0.403396161727483667431688205
0.51516668817838817055746553955	0.4004325606904645621219420055
0.51355796191443170515027975071	0.3974803826149270172773628759
0.51194844189473447438161585103	0.3945397457403688125372314418
0.51033820375620139273666273884	0.3916107654313872431618325279
0.50872732246964507514021522514	0.3886935541902608986699219799
0.50711587233796643852631695872	0.3857882216707300128016602081
0.50550392699445940731582585614	0.3828948746920727674051599792
0.50389155940128051143603976275	0.3800136172540849334406375593
0.50227884184807975638064019968	0.3771445505524827302544544184
0.50066584595076060700440433485	0.3742877729950117471509909673
0.49905264265040319416825286101	0.3714433802184215994218351291
0.49743930221232601537838188897	0.3686114651054508602651363607
0.49582589422529161826102110344	0.3657921178029404643680466054
0.49421248760085298565200087193	0.3629854257402448557382291516
0.49259915057283816184474013966	0.360191473648086315544757234
0.4909859506969712252906614621	0.357410343578095691243015622
0.48937295485062723180611587352	0.354642114922772594959850779
0.48776022923271883380544292064	0.3518868644358867460745173241
0.48614783936371274083227170569	0.3491446662534033794507653241
0.48453585008577285604436015384	0.3464155919147845340708197106
0.48292432556302927091261572936	0.3436997103847638161175634741
0.48131332928197127182740449692	0.3409970880754837453495904278
0.47970292405195274108816557638	0.3383077888690257487843772447
0.4780931720058314830594138917	0.3356318741403730952241134024
0.47648413460071102628957119835	0.3329694027805719279400887616
0.47487587261880056754155958161	0.3303204312204437716311512696
0.47326844616839714408418287854	0.3276850134545009483577279328
0.47166191468494443423139798899	0.3250632010650796671947208579
0.47005633693225002689805741926	0.3224550432468891384022218007
0.46845177100375895704053288024	0.3198605868319040960742196294
0.46684827432395967413740649725	0.3172798763142736419252258295
0.46524590364988061414527122155	0.3147129538756813309782808559
0.46364471507268629413499847306	0.3121598594108552118855096505
0.46204476401937021492698335672	0.3096206305532912485110484996
0.46044610525454235834252569742	0.3070953027011944031210306688
0.45884879288230796943952039128	0.3045839090435801686810230904
0.45725288034823705930771113267	0.3020864805865692188250407184
0.45565842044142192196651208333	0.2996030461798319189915852903
0.45406546529661930659519955457	0.2971336325431711606887223067
0.45247406639647778976027208249	0.2946782642932302089885277084
0.45088427457384562079820012296	0.2922369639703690774760778356
0.44929614001416142125202037652	0.2898097520655040002645911932
0.44770971225790944659064287869	0.287396647047296946875519372
0.44612504020317546155613792722	0.284997665389124195599144937
0.44454217210825135694563397645	0.2826128215963273312738736012
0.44296115559432361044989521494	0.2802421282334356875027771825
0.44138203764822625671840183947	0.2778855959514498375520212176
0.43980486462527701944039222926	0.2755432335151714106526909416
0.43822968225213740425279115028	0.2732150478305074657659273416
0.43665653562980267641738877267	0.2709010439718739368438085942
0.43508546923658645002842587538	0.2686012252095390847252461884
0.43351652693120858336181501884	0.2663155930368676197561813616
0.43194975195592603673054787246	0.2640441471978525324484120144
0.43038518693972081853994948219	0.2617868857142320869294153919
0.42882287390154392449989987094	0.2595438049128614016182987325
0.4272628542536115297159308711	0.2573148994528867237057869216
0.42570516880475188734469740337	0.2551001623529384649611470447
0.42414985776380183149700678647	0.252899585018179471249805745
0.42259696074305258613238893544	0.2507131572674021475759489808
0.42104651676172856875276503262	0.2485408673599462308996382328
0.41949856424954235644495729936	0.246382702022522268919082296
0.4179531410502492962777231472	0.2442386464760620914445801368
0.41641028442527471066765833205	0.2421086844622889533940005974
0.41487003105737190787015691014	0.2399927982703587116434318665
0.41333241705429849879652902144	0.2378909687632102955702563859
0.41179747795257630907357716242	0.235803175403933363865602622
0.41026524872122492770549391709	0.2337293962819183695649775557
0.4087357637655733756345712637	0.2316696081389402428325142869
0.40720905693109671269721961831	0.2296237863949359738657906922
0.40568516150725166577682115952	0.2275919051739996602823259509
0.40416411023137897884443939792	0.2255739373296957378617633991
0.40264593529261272646084092975	0.2235698544706751981141878316
0.40113066833582048192493503642	0.2215796269858959406788564237
0.39961834046556556248127907943	0.2196032240697081584669365864
0.39810898225009382561660825766	0.2176406137468021591621640282
0.39660262372534077112928176644	0.2156917628969875666836566213
0.39509929439896031854105079004	0.2137566372795513249294832365
0.39359902325437165896982221202	0.21183520155796385980117022
0.39210183875482725498648889182	0.2099274193238987538356078653
0.39060776884747096524144477164	0.2080332531209828398418431721
0.3891168409674806695684147311	0.2061526644690240664447000316
0.38762908204213190682001533282	0.2042856138872347652195956566
0.38614451849494230831271693276	0.2024320609178007871148786701
0.38466317624980298206458745277	0.2005919641489163650913341792
0.38318508073512073536756922373	0.1987652812378381335848150264
0.38171025688797482117795706829	0.1969519689335176062888741031
0.38023872915827635779190489553	0.1951519830992178836060549074
0.37877052151293945579149223434	0.1933652787347250523072903806
0.3773056574400666792291479017	0.1915918099984612168847133148
0.37584415995308494693327837153	0.1898315302292797044423810676
0.37438605159499673721095259828	0.1880843919681639077391999632
0.37293135444252458161845904968	0.1863503469795196652481017408
0.37148009011030384526977806005	0.1846293462723881001361866301
0.37003227975509682701025694756	0.1829213401213748671353809857
0.36858794407995064724142766527	0.1812262780872895144836408171
0.36714710333841075173009505765	0.179544109037618754650348793
0.36570977733869855257761757638	0.1778747811667701275818414405
0.36427598544790529638000151648	0.1762182420160067930606330397
0.36284574659616292008787553632	0.1745744384931750666891770797
0.36141907928085665675655638476	0.1729433168922492391149598371
0.3599960015707477303862585368	0.1713248229126093135573645099
0.35857653111017736447818503521	0.1697189016779784382893674943
0.35716068512321782487560047326	0.1681254977551530896368427633
0.35574848041783764276684317454	0.1665445551727685493119487313
0.35433993339000273618573573899	0.1649760174393219310886180234
0.35293506002791563057396870246	0.1634198275613957374884627104
0.35153387591601452322710321916	0.1618759280613757718981791984
0.35013639623918307227752636831	0.1603442609949976749668820162
0.34874263578683604887228085866	0.1588247679687675990236427432
0.34735260895700627630717559406	0.1573173901570204808225625768
0.34596632976043472838240391524	0.155822068318612481972533084
0.3445838118246425038644841368	0.1543387428137008420678367803
0.34320506839798359233659342496	0.1528673536199958907025247074
0.34183011235371594521218518951	0.1514078403489233032781245675
0.34045895619399547215668141418	0.1499601422614599759130194438
0.33909161205390950443363916911	0.148524198283788081990955294
0.33772809170549194684020164296	0.1470999470227075173915721242
0.33636840656168193350538468203	0.1456873267807753616570578016
0.33501256768031380273161061089	0.1442862755712417414810654299
0.33366058576805950807946483004	0.1428967311327392099073094972
0.33231247118436611341607222967	0.141518630943732870142847434
0.3309682339453695028044321657	0.1401519122367550174475123524
0.32962788372780858149967141024	0.1387965120123873675717793725
0.32829142987286810278931709945	0.1374523670529962780295711293
0.32695888139011070630859026221	0.1361194139363499839725512792
0.32563024696123692092784010811	0.1347975890488013620030229779
0.32430553494396172131421430234	0.1334868285984493330515922192
0.32298475337580089093133632711	0.1321870686279638997101721219
0.32166790997785486418348706139	0.1308982450272153059806342525
0.32035501215857277231554240438	0.1296202935456778238312877202
0.31904606701750353260657226003	0.1283531498046315467237050829
0.31774108134897740932248191963	0.1270967493090881897659275752
0.31644006164583124018943520196	0.1258510274595769145491822396
0.31514301410310958445012499617	0.12461591956367701862330529
0.31384994462167772737691075814	0.1233913608473266526108859858
0.3125608588118697163640297785	0.12217728646594092955370087
0.31127576199709459261952183367	0.120973631515282694130712552
0.30999465921742439501399662109	0.1197803310421931395310854605
0.30871755523315497408704170221	0.1185973200550372984466161321
0.30744445452834718143779537021	0.1174245335340138453490762505
0.30617536131434130176672931731	0.1162619064412079220071094289
0.30491027953325145695831656448	0.1151093737304705889905690384
0.30364921286143259276806439475	0.1139668703570954024207573406
0.30239216471290090966282207387	0.1128343312873135842484711738
0.30113913824288031367675769572	0.1117116915076010404579499342
0.2998901363509068063314815056	0.1105988860335963722574983481
0.29864516168458838937784805801	0.1094958499193164749744469336
0.29740421664263689752754779981	0.1084025182655756072525962191
0.29616730337833310254157284138	0.107318826228651954351779826
0.29493442380279611286933427018	0.1062447090286018678751951138
0.29370557958825679168064660087	0.1051801019574078762435050453
0.29248077217131599123010807728	0.1041249403869773682085315105
0.29126000275613682740103131277	0.1030791597769034026465025227
0.29004327231762481649969246411	0.1020426956820760496427482898
0.28883058160469351431287530211	0.1010154837602318673595043312
0.28762193114332386118173818862	0.099997459779097341774417472
0.28641732123971172300863819496	0.0989885596235736173102684988
0.28521675198335915650084386658	0.0979887193026427094404737444
0.28402022325014208764758430059	0.0969978749561426638093889359
0.28282773470536249604491071048	0.0960159628613712192102427174
0.28163928580672668581807955572	0.0950429194395086054175810639
0.28045487580747135432087542028	0.0940786812620053060003895387
0.27927450375913408704911182598	0.0931231850565403676152775176
0.27809816851462452758166496444	0.092176367713116768597060856
0.27692586873110670241267426555	0.091238166289844495604138125
0.27575760287289431561986623507	0.0903085180186044726567056204
0.27459336921430654429216215155	0.0893873603105256937922739381
0.27343316584251726171740267114	0.0884746307614734611858655298
0.27227699066035851020372395121	0.0875702671571095275606778748
0.27112484138911202165730942831	0.086674207478117501249546319
0.26997671557127509438197883928	0.0857863899050733197693939566
0.26883261057329337065195197084	0.0849067528232324461490627496
0.26769252358826973377104400044	0.0840352348272422056560425981
0.26655645163865449682862876992	0.0831717747256423716860475086
0.26542439157890709135852287958	0.0823163115452717395448735978
0.26429634009812532284063641308	0.081468784535510004169235355
0.26317229372265932371958937732	0.0806291331724934507290004529
0.2620522488186959121081380912	0.079797297162981338588585877
0.26093620159481713900274044923	0.0789732164483645465900897159
0.25982414810453998596228674991	0.0781568312084290058932874842
0.2587160842488154748451924815	0.0773480818649002474189767017
0.25761200577852675328547816747	0.0765469090850442431820269254
0.25651190829693775185838635897	0.0757532537850403517827060765
0.25541578726213295087548235179	0.0749670571332594944491607282
0.25432363798943415767254514717	0.0741882605535325967886544928
0.25323545565377621348719084497	0.0734168057280716648819769792
0.25215123529207590487815624709	0.0726526346005295014879823803
0.25107097180556374442888477087	0.0718956893788009960101629608
0.24999465996211095238286189753	0.0711459125377757035766620383
0.24892229439849922991666964408	0.0704032468220047362036984201
0.24785386962270046114471318384	0.069667635248151864543483475
0.24678938001611505701559934735	0.0689390211075606939245277597
0.24572881983578271433568326548	0.0682173479684173205943759984
0.24467218321659008702822404758	0.0675025596781929811975676757
0.24361946417342805732959055709	0.0667946003655824684129468246
0.24257065660334363955621634749	0.0660934144427184138091783003
0.24152575428767087234433262598	0.0653989466070216093502147505
0.24048475089411933531896885616	0.064711141843146261431088378
0.23944763997885914310299237894	0.0640299454246758504487874945
0.23841441498857697070546580474	0.0633553029158772443394799161
0.23738506926250529320585216517	0.0626871601733348965302450977
0.23635959603443198999504260566	0.0620254633473675519025006386
0.23533798843468912933880980242	0.061370158883574083296507849
0.23432023949211500037930045881	0.0607211935241426380710638251
0.23330634213600064708748776846	0.0600785143091450739675921937
0.2322962891980057669992077027	0.0594420685777459860856463335
0.23129007341406453376568595569	0.0588118039693201742892629072
0.23028768742625285144578188953	0.0581876684245327457826027941
0.22928912378465053815101255957	0.0575696101862820070027765778
0.22829437494917103392621426654	0.0569575778006501475777134139
0.22730343329137954443240626135	0.0563515201177059482107316414
0.22631629109627706871795472017	0.0557513862923262413542262813
0.22533294056407477753755775441	0.05515712578483781357936884
0.22435337381194471429552023612	0.0545686883617274274297488299
0.22337758287574483776304493947	0.0539860240961625280839955346
0.22240555971172668749247786246	0.0534090833685244639002158028
0.22143729619822729645634141835	0.052837816866867320132175252
0.22047278413733156608852217074	0.0522721755872955438553012418
0.21951201525652599520888758243	0.0517121108343033442964839016
0.21855498121031868805480546579	0.051157574221049244099376416
0.21760167358184903479778484646	0.0506085176695700363692159522
0.21665208388447628620375198991	0.0500648934109481780038764415
0.21570620356335228882168090204	0.0495266539854237186214417313
0.21476402399695960317921995478	0.0489937522424424376738887964
0.21382553649865199397273106873	0.0484661413406709402608826625
0.21289073231815906750561375529	0.0479437747479463752387833046
0.21195960264307944714703897732	0.0474266062411823403997176249
0.21103213860035453879522825722	0.0469145899062316783537159501
0.21010833125772095927089700379	0.0464076801376959493151723908
0.20918817162515030709300261951	0.0459058316386867292020709386
0.208271650656263508704674265	0.0454089994205592381987910341
0.20735875924973308277072829381	0.0449171388025773331684654091
0.2064494882506624575318245986	0.0444302054115577709051467247
0.20554382845195210529415020447	0.043948155181461415762382208
0.20464177059564624563277732891	0.0434709443529522195422847157
0.20374330537425945664087294679	0.0429985294728899676213120709
0.20284842343208806954267374549	0.0425308673938566645738459444
0.20195711536650943369737811877	0.0420679152735411661920980247
0.20106937172925280002093294994	0.0416096305741735088510029173
0.20018518302766967993008101118	0.0411559710618889496809657199
0.19930453972596245166385578473	0.0407068948060576885839025912
0.19842743224642718326390464023	0.0402623601785782341933068311
0.19755385097065482258253088733	0.0398223258531510690081573042
0.19668378624073062788516616355	0.0393867508045402398241611662
0.19581722836041167730987815142	0.0389555943077309921647178998
0.19495416759628844695855646898	0.0385288159371467431550456248
0.19409459417893324740929105788	0.0381063755657427650956238652
0.19323849830402998429699841735	0.0376882333642083097208818655
0.19238587013349527947616057722	0.0372743497999854449631547242
0.19153669979657208919426617659	0.0368646856363433153733320328
0.19069097739091671127676838091	0.0364592019314561424765471609
0.18984869298367412631429372551	0.0360578600373839601621711072
0.18900983661252736966063215579	0.0356606215990467137916044971
0.18817439828674063460879494472	0.0352674485532385967941762399
0.18734236798819020777324681398	0.0348783031275448893962684038
0.18651373567236457059397189666	0.0344931478392505462918098477
0.18568849126937611664618995322	0.0341119454942577915203019373
0.18486662468493543720484090379	0.0337346591859762037405718061
0.18404812580132231706190038138	0.033361252294129984438003734
0.18323298447834222524373015344	0.0329916884836715340233138313
0.18242119055427063005269625167	0.0326259317035540937769912196
0.18161273384677547626277673671	0.0322639461855444995575511382
0.18080760415383691612983034993	0.0319056964430312662112515566
0.18000579125464662015068530125	0.0315511472697567448389928139
0.17920728491049753424637065919	0.0312002637386071341972439069
0.17841207486565984456558876001	0.03085301120032224658142225
0.17762015084824121778971159006	0.0305093552822493433189480043
0.17683150257103739048549184801	0.030169261887015577331489147
0.1760461197323699310144087966	0.0298326971912728298253792804
0.17526399201691628962478106216	0.029499627644327916817950344
0.17448510909651098933670440586	0.0291700199668549446323279295
0.17370946063095701274391436194	0.0288438411495108530729737846
0.17293703626880702046390913485	0.0285210584516459429173733718
0.17216782564814185821500187802	0.0282016393998531325424852752
0.17140181839733895145053404057	0.0278855517866903932187985118
0.17063900413581880767951456198	0.0275727636692096409863938739
0.16987937247479166518189197401	0.027263243367627567932126376
0.16912291301798573615737106607	0.0269569594638493855584074175
0.1683696153623635761337672838	0.026653880800170278115641263
0.16761946909883269177886688895	0.0263539764777133177976259785
0.16687246381294412228419810238	0.0260572158551240317517856552
0.16612858908557378119752669783	0.0257635685470785547775632413
0.165387834493597992411385269251	0.0254730044228405647802864776
0.164650189610561170020641630993	0.0251854936048273509681701987
0.163915644007326218059044098597	0.0249010064671389378983771647
0.163184187252719815076601724766	0.0246195136341340865656120713
0.162455808914169299946738534976	0.024340985978921930394412643
0.161730498558315040471089188031	0.0240653946219152817246144214
0.161008245751633902055913524717	0.0237927109293565757222175709
0.160289040061037088338564210176	0.0235229065118458154737179992
0.159572871054464575627907207368	0.0232559532228188174870914965
0.158859728301470029299965820895	0.0229918231571248792749197414
0.158149601373792415733429767335	0.0227304886494808318726185038
0.157442479845922483481456534235	0.0224719222730071524171528893
0.156738353295656300019641341529	0.022216096837758684585355708
0.156037211304640275278016140505	0.0219629853891463654963939462
0.155339043458916711069607746678	0.0217125612065497461488700129
0.154643839349438331829425693044	0.0214647978017441423646772618
0.153951588572595453967787394132	0.0212196689173921015040553694
0.153262280730722527119105823853	0.0209771485255966011782927001
0.152575905432602408077820384923	0.0207372108263843012131428992
0.151892452293958361466303055406	0.0204998302461540274505296109
0.151211910937938146253107409455	0.0202649814362329369818731338
0.150534270995589133071203963253	0.0200326392713671024776795831
0.149859522106326244354012131652	0.0198027788481919549245884378
0.149187653918393561074825348048	0.0195753754837301273802466435
0.148518656089308811201173056079	0.0193504047139277400800402391
0.147852518286321430947761658335	0.0191278422921436864486414243
0.147189230186830517509225952434	0.0189076641876355491791290613
0.146528781478826403260658925828	0.0186898465840573494869263041
0.145871161861301554446900036982	0.0184743658780006605410837274
0.145216361044668497488914627959	0.0182611986774824450082203386
0.14456436875116423929514435291	0.0180503218004516794545265129
0.143915174715245707865664699112	0.0178417122733079140535486649
0.143268768683982808722653863395	0.0176353473294145371757775223
0.142625140417437199476649643866	0.0174312044076266532633691025
0.141984279689045503135396138579	0.0172292611507953788649236047
0.141346176285984706574399596751	0.0170294954043103318896812968
0.140710820009530508695518753487	0.0168318852146123424548162995
0.140078200675418995018905830337	0.0166364088277405136370127682
0.139448308114188624878838466985	0.0164430446878506181680386664
0.138821132171532069124826608602	0.0162517714357657066436421791
0.138196662708624577421020168448	0.0160625679075180299540688457
0.137574889602440911557809256174	0.0158754131328890860802405492
0.136955802746106654884161111574	0.0156902863339716320790986315
0.136339392049190792316946330944	0.0155071669237181390409919567
0.135725647438021581564749277257	0.0153260345045030707556738851
0.135114558855995486261141487348	0.0151468688666899965770736606
0.134506116263867527574914043922	0.0149696499871985020202703426
0.13390030964004690874980001279	0.0147943580280841782615466148
0.133297128980882849996179553174	0.0146209733351132544279828164
0.132696564300939305898796156749	0.0144494764363489104474133018
0.132098605633282218121459693609	0.0142798480407475565228830485
0.13150324302973065397903830453	0.0141120690367469373923697219
0.130910466561130311657190169168	0.0139461204908759742484288708
0.130320266317609327027884785899	0.0137819836463490739353390031
0.129732632408827991431724263541	0.0136196399216976769653817634
0.129147554964227012739181533434	0.0134590709093730624165423235
0.128565024133268065630924681595	0.0133002583743782975149185787
0.127985030085669855408050506625	0.0131431842528912390955772749
0.12740756301163830336004645504	0.0129878306509123593962225976
0.126832613122092448237361797422	0.0128341798429060254664116792
0.126260170648884741796452011755	0.0126822142704395700597361562
0.12569022584501790804640604391	0.0125319165408419203608318008
0.125122768984856134492313821607	0.0123832694258792518214572714
0.124557790364327329609896776886	0.0122362558603959649554185268
0.123995280301127684806050587273	0.012090858941023717934445498
0.12343522913491718579851555088	0.0119470619248227141301951678
0.122877627227512124903045937272	0.0118048482280086753378238969
0.122322464963075118881972290537	0.0116642014246220939267831658
0.121769732748283623351090918037	0.0115251052452288249061916472
0.121219421012531012409776087097	0.0113875435756526626136488705
0.12067152020808502145281413224	0.0112515004556625275295983683
0.120126020810260929102613844079	0.0111169600776973403287213295
0.119582913317588826355937630108	0.0109839067856198819740954065
0.119042188251976471191553969242	0.0108523250734190739529791363
0.118503836158852046909545173569	0.0107221995839730783480807816
0.117967847607347484785228123273	0.0105935151077997346393810595
0.117434213190415356278610677257	0.0104662565817936796065998955
0.116902923524996071529354962149	0.0103404090880097755585570928
0.116373969252137264074578221995	0.0102159578524302193011747897
0.115847341037158139477791350602	0.0100928882437370755482035488
0.115323029569769196554721676193	0.0099711857720940141050758064
0.114801025564197920946718273798	0.0098508360879567981211964949
0.114281319759321612892990156071	0.0097318249808472572551020425
0.113763902918788536199969747757	0.0096141383781815881186917179
0.113248765831136930441863527989	0.0094977623440742939785371256
0.11273589930991050469502200744	0.0093826830781601873381214368
0.112225294193771013287665583107	0.0092688869144262964511548144
0.111716941346605893199200050623	0.009156360320046077979494409
0.111210831657634676672198189692	0.0090450898942173241082851351
0.110706956041508076069184011974	0.0089350623670270461143267064
0.110205305438416882663374029297	0.0088262645982931037210459545
0.109705870814172409944497528926	0.0087186835764379069777290882
0.109208643160309320527060308418	0.008612306417364041121820044
0.108713613494171112455794111354	0.0085071203633245080884235014
0.108220772859000479249809143638	0.0084031127818211415261618979
0.107730112324013281750904045836	0.0083002711644899009075546137
0.107241622984490413557123985694	0.0081985831260098166345697608
0.106755295961847911743547347863	0.008098036403008080342428097
0.106271122403710089829524915234	0.007998618852979419235640035
0.105789093483992130691357824194	0.0079003184532103122673060808
0.105309200402953177066426268683	0.0078031232997081402563475322
0.104831434387272318589993219549	0.0077070216061411915906674778
0.104355786690110219098234966592	0.0076120017027870384460345683
0.103882248591170322329349183559	0.0075180520354829364386003848
0.103410811396751553017542594972	0.0074251611645876536407609409
0.102941466439810104570072596037	0.0073333177639501189108973379
0.102474205080014016315212998541	0.0072425106198849728028536743
0.102009018703781663368737222912	0.0071527286301547285273805089
0.1015458987243464766304717262	0.0070639608029575687336171728
0.101084836581788349112781401831	0.0069761962559320837748688946
0.100625823743081065681776351828	0.0068894242151492041975463521
0.10016885170214160996602080988	0.006803634014139594452346151
0.099713911979852216388295722554	0.0067188150928936423562412814
0.099260996124109704163651811665	0.0066349569969078300949836223
0.098810095709854558285786209988	0.0065520493762030160496197701
0.098361202339102563639584290235	0.0064700819843675433586184204
0.097914307640974516421362592405	0.0063890446776096364747533593
0.097469403271727209259924892045	0.0063089274138095431063080499
0.097026480914775387868920524004	0.0062297202515790782698216549
0.096585532280707024621033818579	0.0061514133493329746868294381
0.096146549107322063032751646172	0.0060739969643635936339918098
0.095709523159635198361313898808	0.0059974614519164382237553349
0.095274446229912677830152602826	0.0059217972643004528529255727
0.094841310137662511416813021418	0.0058469949499607115124534234
0.094410106729665896696719397647	0.0057730451525938016383646106
0.093980827879982643397225139963	0.0056999386102606462378951403
0.093553465489960301614236633769	0.0056276661544935861371115358
0.093128011488245991101516644382	0.0055562187094316913346260347
0.09270445783078769035861557271	0.0054855872909485168527204639
0.09228279650084668255652993047	0.005415763005779955363144219
0.091863019508989182428875849753	0.0053467370506893406250182918
0.091445118893089367097152627673	0.0052785007115943797914925192
0.091029086718344279051361680472	0.0052110453627440119003221882
0.090614915077247476763360776538	0.0051443624658768254855816164
0.090202596089602987003391825794	0.005078443569389056839984608
0.089792121902512709480799936001	0.0050132803075121276582477489
0.089383484690370644799375106593	0.0049488643995098483011106866
0.088976676654854307610116108396	0.0048851876488499748066189245
0.088571690024915205824208964268	0.0048222419424160432194630071
0.088168517056765479503210326503	0.0047600192497075733624187641
0.087767150033869358862478809249	0.0046985116220458704079188878
0.087367581266923333323319147805	0.0046377111917996241614960587
0.086969803093843881527939108121	0.0045776101715973082390433163
0.086573807879749514618887255776	0.0045182008535696857856859758
0.086179588016942376025737079948	0.004459475608574753536413354
0.085787135924888507921797597831	0.0044014268854415110115879287
0.085396444050196805471275027801	0.0043440472102259559137509438
0.085007504866596773350898159562	0.0042873291854582070623600672
0.084620310874915333338837391985	0.004231265489404630245968289
0.084234854603049848222887516613	0.0041758488753371657934343594
0.083851128605946927424916018006	0.0041210721708027685319075855
0.08346912546557021349031048725	0.0040669282769086347800850258
0.083088837790874958027041668836	0.0040134101675998241040731614
0.082710258217777695725363770861	0.0039605108889545920076588535
0.082333379409125929557599106599	0.0039082235584817244158604907
0.081958194054666598478097745761	0.0038565413644222548362395304
0.081584694871012979821826634025	0.0038054575650580699141689289
0.081212874601611580450152155649	0.0037549654880300968393597166
0.08084272601670661747040612684	0.0037050585296519587691059261
0.080474241913305502372605127538	0.0036557301542438776125116264
0.080107415115138507692414207697	0.0036069738934601395925849663
0.079742238472628115036200768455	0.0035587833456276324589220143
0.079378704862842592226563358024	0.0035111521750905477914405014
0.079016807189460617652904396845	0.0034640741115590492102967321
0.07865653838273105989637896831	0.0034175429494636134093137114
0.078297891399427047946594811974	0.003371552547315203958962655
0.077940859222809982951341261539	0.0033260968270702259798193116
0.077585434862582790427779390526	0.0032811697735037854111370413
0.077231611354844648758027198857	0.0032367654335872240329978099
0.076879381762052093981716896495	0.0031928779158649191923827066
0.076528739172965844660629988344	0.0031495013898474049062249484
0.0761796767026075065477515656	0.0031066300854016152130840802
0.075832187492215082476720195423	0.0030642582921514745350581589