2.9513423795161315538871014311	17.779950931061006365884608637
2.4456813447790491592668399308	9.326782057598649446345734684
2.0908444654334660036466301436	5.655973425769701847174447898
1.8258907718236336092643332676	3.810110948174007128054487424
1.61851067078506898079064333484	2.779449669342707096599739973
1.45006539945044264833450138201	2.1578954554938542228546361333
1.30913793810488306366533434077	1.7609955540349800824162084607
1.18843799206083313606737295344	1.4966712946945766504214365651
1.08319053385062402154963579505	1.3153230123700373522823544059
0.99023947297223192959330538541	1.1884742510700044397859047496
0.90751729723656200040813976968	1.098835878564142498585361429
0.8337075740440255989339089625	1.0353579781145910435611397391
0.76800815251038037123281489227	0.9906287110143251735239797025
0.70994503957319407598299888408	0.9594523803183764923521599458
0.6592135057669328210320303932	0.9380540770013169096138438966
0.61554270243148055664829173226	0.923629608372772513944647357
0.57859329003578752181026654819	0.9140852574283723776622945817
0.54790080660506492659319742146	0.9078759698035855244428944027
0.52286947662763575127594153379	0.9038893177211424210423430786
0.50280715018353930243647488376	0.9013495354191038058262684024
0.48698146687623175618283587124	0.8997335645002316558921956349
0.47467624957080507490121157548	0.8986995553736871074044985423
0.46523416234720932075397921365	0.8980297909907042617043328931
0.45808097389957477814084934432	0.8975882390478168657238358382
0.45273354967213999217430629944	0.8972909127310785492818275004
0.44879658671886758720566186513	0.897086203217851674808990662
0.44595313683297701194838113429	0.8969423249663567454448867505
0.44395270960655124876362033605	0.8968395219818634727891603284
0.44259930731460618740756266172	0.8967653202392218677334227206
0.44174060489458790408145902159	0.896711668985153902005662316
0.4412587450952310065965451917	0.8966732289783500215494826866
0.44106279917055678084010219087	0.8966463479733450475392855926
0.44108274053339174750238832631	0.8966284449585409564852268517
0.44126470341105648342892771094	0.8966176368235630927444771307
0.44156729025690628512722252166	0.8966125089584407834766319217
0.44195871407911593370984091404	0.8966119716909937666413814996
0.44241459501551418110263898159	0.8966151683302058214515187431
0.44291626447266317191483985114	0.8966214146028706723936003154
0.44344946062580745950580978711	0.8966301574950426596601462902
0.44400332463176737045327062566	0.8966409463380723102763172067
0.44456962752418315994261559496	0.8966534118153355224819981773
0.44514217400638172140759696439	0.8966672502482419510560815759
0.44571634197042298503049810159	0.8966822115133030922910192044
0.44628872627353120430747115849	0.8966980895423254029894150857
0.44685686272501359653699793747	0.8967147147211988728016045705
0.44741901389633912520508586991	0.8967319477246851795760352738
0.44797400267676841034690548404	0.8967496744650150586435331187
0.44852108277819983584622797465	0.8967678019240776169773543189
0.44905983789290569747181829492	0.8967862546952730386534367708
0.44959010311510778611210229273	0.8968049721046919655913291939
0.45011190369496832376866329915	0.8968239058087013025889854443
0.45062540730984301442248082982	0.8968430177847537775155356987
0.45113088689442326070173205025	0.8968622786500195152658049859
0.45162869173056729957722960936	0.8968816662535583606181886756
0.45211922500599854994044371828	0.8969011644958541760285913555
0.45260292644409485354516930554	0.8969207623403872967638456681
0.45308025891161347447054299477	0.8969404529850702424971905855
0.45355169814785524594649843167	0.8969602331675872339976722733
0.45401772494306147553958675691	0.8969801025843347552800752574
0.45447881923767283351593307438	0.8970000634032884169459595604
0.45493545572658505692173518876	0.8970201198567163612756524555
0.45538810064071824394945605988	0.8970402779005804105567194521
0.45583720944746852522557230971	0.897060544929876299615306324
0.4562832252660959084506650676	0.8970809295413392050425113255
0.45672657783704132953920051054	0.8971014413354573523685381933
0.45716768291805816735233592407	0.8971220907522065010351399786
0.45760694200683181328042576646	0.8971428889342127696320122958
0.45804474231095997923904075955	0.8971638476136794445977984556
0.45848145690295968942663542833	0.8971849790192108276162227087
0.45891744501128102480246503783	0.8972062957990865919004468063
0.45935305240886991713080183918	0.8972278109581715161061454025
0.4597886118692045339992071599	0.8972495378071968630853782109
0.46022444366638270774142182858	0.8972714899212119318271490284
0.46066085610111723308916358048	0.8972936811066858801076471305
0.46109814603868307396786413932	0.897316125375236296710515456
0.46153659944817852538165453668	0.8973388369234398435729523225
0.46197649193508807413238104137	0.8973618301171801577894988523
0.46241808926120868322692167243	0.8973851194801606762055500117
0.46286164784763537492168909027	0.8974087196857525256681829139
0.46330741525778545149247296263	0.8974326455516541684076541537
0.46375563065844459065358573362	0.8974569120367362415822028859
0.46420652525759916443500018016	0.8974815342399147360770125419
0.46466032271842284285209309454	0.8975065274004679820120775451
0.46511723954924814622213981171	0.897531906899653329713762476
0.46557748546970414538687200719	0.8975576882633480692358302792
0.46604126375346322200362982517	0.8975838871653924687403559254
0.46650877154823129924571541392	0.8976105194316991581432282049
0.46698020017375213678398968454	0.8976376010446762426809047123
0.46745573539868906902979013173	0.8976651481480731621588378235
0.46793555769730649072336615938	0.8976931770520749092099558445
0.46841984248690607602117726382	0.8977217042383600845072271329
0.46890876034698523377363429617	0.8977507463655091055713917969
0.4694024772210825008038949636	0.8977803202741122593312931631
0.4699011546022603020007639188	0.8978104429919114359549708358
0.47040494970315281840137164449	0.8978411317388398218439541148
0.47091401561147800776023526147	0.8978724039318303297887226081
0.4714285014318800195558393435	0.8979042771894039065640392141
0.4719485524149328147490067114	0.8979367693361655670614815545
0.47247431007409889551176986536	0.8979698984065948721550256546
0.47300591229139956087273019798	0.8980036826491485231183972066
0.47354349341251569934433939733	0.8980381405294354716495235621
0.47408718433200132225662113446	0.8980732907333772637587734459
0.47463711256925620047450224976	0.8981091521699073209865868915
0.4751934023358693573327001251	0.8981457439731564954740613292
0.47575617459491197608740347873	0.898183085504412521319999818
0.47632554711272661336539957717	0.8982211963534665191455644682
0.47690163450372953822927479868	0.8982600963395833935166350605
0.47748454826871456194655176125	0.8982998055119711393873123566
0.47807439682711988065133451056	0.8983403441497729111791573643
0.47867128554369419431812509129	0.8983817327615402682578975156
0.47927531674997464287960657409	0.8984239920841875417295305442
0.47988658976096685754520278348	0.898467143081410391902068564
0.48050520088739659504432843974	0.8985112069415489117061210982
0.48113124344388293243611134725	0.8985562050748685135615953099
0.48176480775336477565783499553	0.8986021591102983201975016885
0.48240598114809539892067230377	0.8986490908915058552654937839
0.48305484796750380757910439926	0.8986970224724511295458476054
0.48371148955320682941662681808	0.8987459761122017902188663967
0.48437598424144191348167031533	0.8987959742692449991924135006
0.48504840735317758124754028415	0.8988470395949649163035396077
0.48572883118214626075999978628	0.8988991949266513882460362134
0.48641732498103278521546085279	0.8989524632797527837551878309
0.48711395494604106673696543301	0.8990068678392756577860736655
0.48781878420005134302947636318	0.8990624319508444886082618184
0.4885318727745708423400562756	0.8991191791105689141028207541
0.48925327759067170184682835329	0.8991771329546761292522557494
0.4899830524391014375497803197	0.8992363172480107950720179998
0.49072124795974316462287862732	0.8992967558719834241375339275
0.49146791162059505897083246799	0.8993584728117415261216578728
0.49222308769643119743785554182	0.8994214921424925180699327235
0.49298681724729887733268466055	0.8994858380151346054350634974
0.4937591380970007652923791455	0.8995515346410469824716922
0.49454008481170372488032507352	0.8996186062761026889866190434
0.49532968867880990316753258603	0.8996870772039319419670496597
0.49612797768621958245893941893	0.8997569717182388560377869208
0.49693497650210941060502471968	0.8998283141044552496582514502
0.49775070645534388567361327928	0.8999011286205457781478673498
0.49857518551663236974839681636	0.8999754394769302411054941072
0.49940842828053843119794142671	0.9000512708156075620691132179
0.50025044594844293856374237144	0.9001286466885703294192433065
0.50110124631255705563661922648	0.9002075910352614191583574737
0.5019608337410760865157336433	0.9002881276592220255264235689
0.50282920916455999784238498335	0.9003702802040012075060158309
0.50370637006362138725248849003	0.9004540721282430131838062766
0.50459231045799665830806759169	0.9005395266799077724689156679
0.50548702089707122114210374609	0.9006266668697148191438597043
0.50639048845192462871901338458	0.9007155154438075082894886728
0.50730269670895670151531079686	0.9008060948556397064896002879
0.50822362576515088177262563475	0.9008984272370611511276321548
0.5091532522250262810779408316	0.9009925343685947514679242913
0.51009154919932515523369321009	0.9010884376491386255162001134
0.51103848630547784906249365285	0.9011861580646454564668456993
0.51199402966988261074982548676	0.9012857161563653653089542542
0.51295814193203307188477280058	0.9013871319881835535579331793
0.51393078225052164161978563023	0.9014904251133714556991969181
0.51491190631094256217290864614	0.9015956145405491706702944691
0.51590146633571393382677856704	0.901702718699184018478180155
0.51689941109583363174560226438	0.9018117554042798636963466973
0.51790568592457972357114799997	0.901922741820533563457863095
0.5189202327331617480951851655	0.9020356944258915701430750885
0.51994299002832504539211183371	0.9021506289745665460035165027
0.52097389293190623789439543727	0.9022675604595244207856053937
0.5220128732023339584587664604	0.9023865030743529126766673567
0.52305985925806500842102327428	0.902507470174850512234782302
0.52411477620294231618396839298	0.9026304742399533484787873285
0.52517754585345735396604760032	0.9027555268324010955842209399
0.52624808676789606821232348391	0.9028826385589099154666664067
0.52732631427734389304861938231	0.9030118190300464864519840645
0.5284121405185220443628054473	0.9031430768197250201642312746
0.52950547446842405079795260241	0.903276419424460659953237421
0.53060622198071836115033351668	0.9034118532223488282152412466
0.53171428582387988914138585623	0.9035493834317556558167167849
0.53282956572101051104144013838	0.903689014069945301246625266
0.53395195839130583462743047306	0.9038307479114136472743405804
0.53508135759312300109692446914	0.9039745864462770485219799841
0.53621765416860187632715986112	0.9041205298383472968570575061
0.53736073608978973559789198992	0.9042685768833949297041579319
0.53851048850621744445701822008	0.9044187249672883126385148096
0.53966679379387319663203768987	0.9045709700241687901172514856
0.5408295316055180840897566276	0.9047253064947457874202645948
0.54199857892228614757277114689	0.9048817272846593451009301741
0.54317381010651008889538784357	0.9050402237230168187444148528
0.54435509695571252146812702184	0.9052007855211244704632465362
0.54554230875770148406537872878	0.905363400731402588035463388
0.54673531234670795905887154147	0.9055280557066410474473067586
0.54793397216050230231527648555	0.9056947350594899148246282527
0.54913815029842582003120955259	0.9058634216223136294728213869
0.55034770658027320783489636506	0.9060340964074959212105993641
0.55156249860596119882720189704	0.906206738568010422261186356
0.55278238181591855061699620989	0.9063813253586495987287600465
0.55400720955213242905649251353	0.9065578320975743955090206544
0.55523683311978631672362036358	0.906736232128491941111176613
0.5564711018494247854430395937	0.9069164967833898200398952283
0.55770986315958081571589943746	0.9070985953458407416905250636
0.55895296261980182235947342821	0.9072824950150487585333534605
0.56020024401401114588937858707	0.9074681608703564546261241415
0.56145154940414249195903703409	0.9076555558367702138878121982
0.56270671919398563768733898703	0.9078446406509537346971596968
0.56396559219318267268244454186	0.9080353738281798794963819248
0.56522800568131509546610902964	0.9082277116299981148071913616
0.56649379547202323465648748147	0.908421608032744313354471584
0.56776279597710071414241901769	0.9086170146970702440844354586
0.56903484027050800867601445076	0.9088138809381231575097143495
0.5703097601522505531049513954	0.9090121536969629432918057104
0.57158738621206835478404704387	0.9092117775126026722223981848
0.57286754789288561726753039359	0.9094126944953414375940108615
0.57415007355397050368398414623	0.9096148443010087252343726264
0.57543479053375684624121487687	0.9098181641061766597592402522
0.57672152521228133314557720481	0.9100225885845269833404592861
0.57801010307319148270294634222	0.9102280498842924907384896193
0.5793003487652815197981288319	0.91043447760695196987264995
0.5805920861635151187250309266	0.9106417987866448172754236343
0.58188513842949584596620198122	0.9108499378713306181262141898
0.58317932807134803072767251815	0.911058816704710496648220655
0.58447447700297269916768919078	0.9112683545094790694999753632
0.58577040660264512972138809065	0.9114784678720005764544720503
0.58706693777092251144352010274	0.911689070727671369510123834
0.5883638909878321137923196874	0.9119000743482780248056298135
0.58966108636931229825933275645	0.9121113873301126341219185127
0.59095834372288061578960742469	0.9123229155835441809189279692
0.59225548260250513275218565552	0.9125345623239561207081823459
0.5935523223626570122602822194	0.9127462280638673666581389714
0.59484868221152423697287438333	0.9129578106065311880073843986
0.59614438126336819695892219765	0.913169205040935854547868149
0.59743923859000667284371496491	0.913380303737781695970625687
0.59873307327140851899233244983	0.9135909963474098128733997914
0.60002570444538709302529175294	0.9138011697986417153790132217
0.60131695135638117889600974675	0.9140107082992687916467198972
0.60260663340331381298165748629	0.91421949333791626848739864
0.60389457018652104126104539585	0.9144274036871337952036163839
0.60518058155374420823191178872	0.9146343154081325552687966512
0.60646448764518090722797642592	0.9148401018568697983016813999
0.60774610893759119337174169541	0.915044633691550373178068011
0.60902526628745709527181341218	0.9152477788816058475798878676
0.6103017809731948295390333437	0.9154494027179353146872069485
0.61157547473642044901763787493	0.9156493678249473457083170098
0.61284616982227092037357188041	0.9158475341736861704726567383
0.61411368901878384601917540454	0.9160437590966827636533376471
0.61537785569534019513490212109	0.9162378973040615589053686593
0.61663849384017551923951710293	0.9164298009012933228004137479
0.61789542809696617414957093705	0.9166193194081768587040543282
0.61914848380049805240447973422	0.9168062997795202063425325005
0.62039748701142627877032498216	0.9169905864270994624971609167
0.62164226455013518985592177359	0.9171720212431676799261990027
0.62288264402970874928106572619	0.9173504436253778483481049751
0.62411845388802231622303446459	0.9175256905031756220645866705
0.62534952341896740233081986807	0.9176975963656283860873058278
0.62657568280282171178768401383	0.9178659932908185428720563013
0.62779676313577736938619422629	0.9180307109763629029842870559
0.62901259645864079809850277677	0.9181915767717284621382354
0.63022301578471821333170278504	0.9183484157118242233293586021
0.63142785512690115888119305866	0.9185010505519944582791466172
0.63262694952396691551716559282	0.9186493018045793574005908416
0.63382013506610897525050730658	0.9187929877765287621227782393
0.6350072489197130875891049837	0.9189319246089342732455557661
0.63618812935139465383352982352	0.9190659263176827041196810182
0.63736261575131347214249858947	0.9191948048352985610251680156
0.63853054865578201810045143787	0.9193183700546827613345938212
0.63969176976918359292601589131	0.9194364298736890026609284702
0.64084612198521676975765994272	0.9195487902414977722172794645
0.64199344940748264184542408344	0.9196552552060301416602236715
0.64313359736943140195068182535	0.9197556269628472802670933808
0.64426641245368478071074890015	0.9198497059054076089950518935
0.64539174251075083366660394123	0.9199372906765235978173067355
0.64650943667714749928573305337	0.9200181782211649971889690232
0.64761934539295124953135042159	0.9200921638406332521545571061
0.64872132041878703110746361416	0.9201590412478324970075739249
0.64981521485227553579329565528	0.9202186026241386606240055899
0.65090088314395366634866272079	0.9202706386769044991509936607
0.65197818111268385374398463231	0.9203149386988687364095319
0.65304696596056766126746041609	0.9203512906282769215386004939
0.65410709628737885987039590679	0.9203794811105067674447663846
0.6551584321045308967815441845	0.9203992955606565736669865927
0.65620083484859339097262690158	0.9204105182273317661729618977
0.65723416739437199005925798119	0.9204129322576706818844435998
0.65825829406756560571409440691	0.9204063197632509151671680382
0.65927308065701471288663116459	0.920390461887520601756273853
0.66027839442655405591054798361	0.920365138873580856364831292
0.66127410412648274661726752863	0.9203301301337564055989186169
0.66226008000466437658666628079	0.9202852143196925123080394481
0.66323619381726938773659848137	0.9202301693937329016273687693
0.66420231883917156526983271039	0.9201647727009296739567872994
0.6651583298740101237147658899	0.9200888010424579104143400052
0.66610410326392846445307008444	0.920002030749515655182440309
0.66703951689900027854717480695	0.9199042377583242362498206806
0.66796445022635326737224066146	0.9197951976859255503690355312
0.66887878425900034474930587302	0.9196746859068782251089970677
0.6697824015843877739111159541	0.9195424776306529887647905908
0.67067518637266928427936939679	0.9193983479798765051977247295
0.67155702438471480076475656884	0.9192420720691694372495873927
0.67242780297986200833906448668	0.9190734250850401442819370325
0.67328741112341856726851750325	0.9188921823658932423554914258
0.67413573939392238585673022338	0.9186981194831695141261821428
0.67497267999016695549754221875	0.9184910123228624469552541773
0.67579812673799835100392058563	0.918270637167718218811101729
0.6766119750968901051799976574	0.91803677077966330048518726
0.6774141221663017716773655966	0.9177891904831851547877270845
0.67820446669182660816145052194	0.9175276742488707859314767609
0.67898290907113342753816741797	0.9172520007773924362074498613
0.67974935135970729401804597017	0.9169619495838752595388902249
0.68050369727639337073225185351	0.9166573010827403649156046899
0.68124585220874786769355803519	0.9163378366726638270080003664
0.68197572321819968487322385458	0.9160033388220199212462921248
0.68269321904502600187749160723	0.9156535911541050525704195641
0.68339825011314472749145405486	0.9152883785331486522862972672
0.68409072853472639679974341459	0.9149074871500480369068710735
0.68477056811462778521292672285	0.9145107046081455235014698396
0.68543768435464919495357022895	0.9140978200094004802158956975
0.68609199445761707691327341143	0.9136686240402400190828759145
0.68673341733129335310475515493	0.9132229090575981571945817491
0.68736187359211252886344706093	0.912760469174598251609668521
0.68797728556874741322196527721	0.9122811003464101412187567789
0.6885795773055040026833073034	0.9117846004558150494182070458
0.68916867456554583705700867079	0.9112707693983298909400009816
0.68974450483394789437590928563	0.9107394091675015479696017387
0.69030699732057986399706182134	0.910190323939457608655394002
0.69085608296281841663688184896	0.9096233201573897629512819647
0.69139169442808788414085629549	0.909038206615406374990266941
0.69191376611622856401157634248	0.9084347945422397691004852469
0.69242223416169167529895548174	0.9078128976839613149810876592
0.692917036435559819226467597	0.9071723323866549444323418746
0.69339811254739162970044481518	0.9065129176783191490630349722
0.69386540384688914671158158941	0.9058344753497334030440718552
0.69431885342538629813488175274	0.9051368300354148806519234304
0.69475840611715674556098156171	0.9044198092930543864477903009
0.69518400850053922263266076179	0.9036832436826178586519444727
0.6955956088988783830658583205	0.9029269668445235190103999162
0.69599315738127907216504698806	0.9021508155768902178664725382
0.69637660576317184604731545378	0.9013546299118046126961650271
0.69674590760668747064484043976	0.9005382531907329467940414384
0.69710101822083807241280625622	0.899701532138856942952812155
0.69744189466150253926146638555	0.8988443169382706291012675047
0.69776849573121372084886470868	0.8979664613002163727558200747
0.69808078197874493273799738692	0.8970678225360058622598200226
0.69837871569849323332804158331	0.8961482616267926385293756447
0.69866226092965691567058081616	0.8952076432921314601621033684
0.69893138345520464134106844092	0.8942458360571704950040364424
0.69918605080063363263450977671	0.8932627123186296090528238177
0.69942623223251434046591127362	0.8922581484091990890229206056
0.69965189875681901447460226061	0.8912320246607240106047563905
0.69986302311703161463686211699	0.8901842254658094600315767031
0.70005957979203653539983133596	0.8891146393379117966086394052
0.70024154499378363402722536842	0.8880231589699943700761455392
0.7004088966647271059156331587	0.8869096812914377994992891525
0.70056161447503578742799030924	0.8857741075235093952799128466
0.70069967981957252419163504648	0.8846163432331130891635319578
0.70082307581464030465757367442	0.8834362983846399976358345376
0.70093178729449291696898232095	0.8822338873905104016007956763
0.7010258008076079753698938705	0.8810090291593881338043254805
0.70110510461272022344797626148	0.879761647143479478348410271
0.70116968867461311964316344256	0.8784916693827846955349574539
0.701219544659666800137721315	0.8771990285486440792146258928
0.70125466593116059472815139539	0.875883661984806269154172383
0.70127504754432839666960500193	0.8745455117465355460002909793
0.70128068624116527110525360085	0.8731845246380905875498262232
0.70127158044498380909793286129	0.8718006522479351174148549557
0.70124773025471884371039676844	0.8703938509822867370652502817
0.70120913743897926609871915977	0.8689640820961578458959909276
0.70115580542984579963900605164	0.8675113117231555480833025928
0.70108773931641371538255563763	0.866035510902107144288581893
0.70100494583807960823175471515	0.8645366556027119056959418595
0.70090743337757146833776210857	0.8630147267480892958113726216
0.70079521195372145146927734513	0.8614697102364302176969085815
0.7006682932139808400718586539	0.8599015969591465020645973115
0.70052669042667687799405371193	0.8583103828181221564375026453
0.70037041847301127165103540446	0.8566960687399193593388298076
0.70019949383880030527981002952	0.8550586606879895257652321719
0.70001393460595665583307588453	0.8533981696732332650047880801
0.69981376044371318002381654737	0.8517146117618647827372962595
0.6995989925995890065287809054	0.8500080080811851120745481711
0.69936965389009852936716409762	0.8482783848233991343265043046
0.69912576869120395743392665786	0.8465257732467986616765960994
0.69886736292851227511824116201	0.8447502096752119230623424415
0.69859446406721760203899929285	0.8429517354950096602333541128
0.69830710110179009686619074738	0.8411303971498600609754870233
0.69800530454541270431055599424	0.8392862461337750232680554734
0.69768910641916718826525802105	0.8374193389809811105012191951
0.69735854024097105391312417285	0.8355297372548449344649785808
0.69701364101426710642898807743	0.8336175075335916522591397683
0.69665444521646754242185473929	0.8316827213945507674478498629
0.69628099078715462807701418012	0.8297254553958230913256876779
0.69589331711604015158511377879	0.8277457910562044005260182387
0.69549146503068599691805584028	0.8257438148322120498936573973
0.69507547678398832001602503915	0.8237196180944635703456582108
0.69464539604142796014836653268	0.8216732971000837262077929791
0.69420126786808985330992157596	0.8196049529645703041964506857
0.69374313871545435813479534575	0.817514691631094287037709825
0.69327105640796354046280156519	0.8154026238369709990082518754
0.6927850701293655954468855604	0.8132688650800719984295973618
0.69228523040884072401430737114	0.811113535580972610321305878
0.69177158910691190124050592279	0.8089367602448406215555615344
0.69124419940114411415340322016	0.8067386686204108042724145826
0.69070311577163575354800778316	0.8045193948575154438204500449
0.69014839398630598513493439713	0.8022790776628141404808895006
0.68958009108598202746565120072	0.8000178602531352313064405959
0.68899826536929038980149109492	0.7977358903075045304451701412
0.68840297637735622813352021243	0.795433319917451686733219617
0.68779428487831509341255705375	0.7931103055350616589867481807
0.68717225285164144408868840319	0.7907670079196078344088072989
0.68653694347229840033795161699	0.7884035920827803075672431705
0.68588842109471331713010686087	0.7860202272316914848440039937
0.68522675123658384644367037034	0.78361708671071205969046268
0.68455200056251924552995264134	0.7811943479416253201080425452
0.6838642368675217838985346588	0.778752192362098508309832225
0.68316352906031317707383299493	0.7762908053630692323281980659
0.68244994714651105936988455708	0.7738103762241275698106129777
0.68172356221166057763341820349	0.7713110980480084528995548228
0.68098444640412627367745638847	0.7687931676933843129174432307
0.6802326729178494639600865651	0.7662567857063712841904761596
0.67946831597497641832764364373	0.7637021562514426874486979302
0.67869145080836268276892795461	0.7611294870396586329591628058
0.67790215364395894318476084113	0.758538989257126089369133055
0.67710050168308389229186750541	0.7559308774917167917585123942
0.6762865730845896287248161735	0.7533053696587498609240937269
0.67546044694692482276892122362	0.7506626869253215609411928648
0.67462220329010227414176194825	0.7480030536346970039015856962
0.67377192303757464180254981388	0.7453266972282520228130260869
0.67290968799802589007797899144	0.7426338481677295904645558467
0.67203558084708310098465547802	0.7399247398559946825463348671
0.67114968510895393100329314317	0.7371996085572909557481030237
0.6702520851379974043326363456	0.7344586933166006013785488904
0.66934286610023085914287653825	0.7317022358783276557423185277
0.66842211395478187115041406332	0.7289304806043277981745506918
0.6674899154352876435018025049	0.7261436743913805556009295349
0.66654635803125086571965291685	0.7233420665879709123755028542
0.66559152996935551770818211572	0.7205259089106684531191557019
0.66462552019474924902692274461	0.7176954553601211670715704359
0.66364841835229791869408158786	0.7148509621363428313709551844
0.66266031476781801675369013647	0.7119926875539103080433029188
0.66166130042929267081456313531	0.7091208919568144727367548291
0.66065146696807691756937367746	0.706235837632915214255648888
0.65963090664009801323569232941	0.7033377887281644322144945446
0.65859971230705573463118559355	0.7004270111610815666278763653
0.65755797741762984100293194881	0.6975037725359965535351995355
0.65650579598869873630033567023	0.6945683420580177044102001421
0.65544326258657487073650960329	0.6916209904459719027799837762
0.65437047230826323121603994805	0.6886619898467910286724590198
0.65328752076274922975022747471	0.6856916137492967499309922072
0.65219450405231785410057550176	0.6827101368983204754914287343
0.65109151875391362427389860609	0.6797178352089613260651404889
0.64997866190054404565963987733	0.6767149856807030452753410282
0.64885603096273207479434953573	0.6737018663124844048057038623
0.64772372383002478294216683978	0.6706787560169102924449072245
0.64658183879255964630213646781	0.6676459345363370364077411607
0.64543047452269723254145744911	0.664603682357705523610134715
0.64426973005672303939211003988	0.6615522806288486889347711894
0.64309970477662426681140680901	0.6584920110748138750116318471
0.64192049839194551385376089704	0.6554231559148084768128436264
0.64073221092172991451465234379	0.6523459977794106172004045672
0.63953494267654871493566893336	0.6492608196288637624856360828
0.63832879424062378013586735673	0.6461679046712343424937543866
0.63711386645404946765252366918	0.6430675362818392162960962016
0.63589026039511648858739839731	0.6399599979228443123808303607
0.63465807736274289097136957821	0.6368455730642018186843152402
0.63341741885901634902388518022	0.6337245451042589812758482493
0.63216838657185193127190356112	0.6305971972922571728380000402
0.63091108235776948949830112929	0.6274638126511299035718950502
0.62964560822479466766824265005	0.6243246739006069114598744258
0.62837206631548747031914818896	0.6211800633823047444003436456
0.62709055889010223371571021505	0.6180302629847851371421845589
0.6258011883098827370619397731	0.6148755540694993984286159265
0.62450405702049610507395629546	0.6117162173986838872895983175
0.62319926753560906410022913968	0.6085525330628256383233388311
0.62188692242061000377363945801	0.6053847804101045636591146603
0.62056712427648019229353525074	0.6022132379764515513387068204
0.61923997572381743843950862632	0.599038183416708273425643967
0.61790557938701533338033796523	0.5958598934368322596414360624
0.61656403787860116064228782297	0.5926786437271588504710703859
0.61521545378373537350635071191	0.5894947088967890285825066221
0.61385992964487567370984623133	0.586308362409059619477053973
0.61249756794660819537385324686	0.5831198765181329700058375672
0.6111284711006487014081689602	0.5799295222067688094246953802
0.60975274143101618842144230079	0.5767375691252192532404419258
0.60837048115938147553229043846	0.5735442855313079094384539851
0.60698179239059304679077414344	0.5703499382317115061768453522
0.60558677709838242870944681497	0.5671547925244457285983375889
0.60418553711125135970293563256	0.5639591121425286327906296352
0.60277817409854260439212702246	0.5607631591989085367353114415
0.6013647895566965844228613936	0.5575671941325508152696063744
0.59994548479569554874683034821	0.5543714756559946523486741574
0.59852036092569708424104413186	0.5511762607037745262281466495
0.59708951884385861068446143343	0.5479818043825230318646573553
0.59565305922135446708203393348	0.5447883599219691147435082902
0.59421108249058696957613311118	0.5415961786275027005903805296
0.59276368883259288135800410925	0.5384055098338457277365531465
0.59131097816464651985724640736	0.5352166008599968201063751254
0.58985305012806069772076090318	0.5320296969656393256070439318
0.58839000407618655748568090432	0.5288450413085594395754230214
0.58692193906261328631823448762	0.5256628749035723945864504043
0.58544895382956859911930586171	0.5224834365826477635085998922
0.58397114679652084970699948944	0.5193069629563227873035585481
0.58248861604898337722683230058	0.5161336883764238700669204852
0.58100145932752172885016268514	0.5129638449000333395643488861
0.57950977401696439399392012321	0.5097976622547910053692879849
0.57801365713581728724062864715	0.5066353678054114042885257001
0.57651320532588263961123915095	0.5034771865215323416572038184
0.57500851484208218198398448502	0.5003233409467945828405182565
0.57349968154248515356713354753	0.4971740511692009737854573928
0.57198680087854103560616758068	0.494029534792726653279924764
0.57046996788551709956870033086	0.4908900069101835837457197398
0.56894927717314107042450237539	0.4877556800773323920250035808
0.56742482291644670080776649656	0.484626764288217997053975214
0.56589669884682693182214143901	0.4815034669517452100467950585
0.56436499824328806382808668671	0.4783859928694660920196829636
0.56282981392390880579135118145	0.475274544214576961835020161
0.561291238237504852337642462	0.4721693205121164693268068387
0.55974936305549008191063510432	0.4690705186203461915717003619
0.55820427976394909652644533022	0.4659783327133099133110392385
0.5566560792559006867048682753	0.4628929542645675330271859208
0.55510485192377221536988619419	0.4598145720320611158049520183
0.5535506876520683060914630285	0.4567433720441482243289135006
0.55199367581023878668328152033	0.4536795375867457268598576588
0.5504339052457473698871052887	0.4506232491915714981433587461
0.54887146427733642229252238173	0.4475746846255520691774071305
0.54730644068848819671149021069	0.4445340188812222597663741616
0.54573892172108045744044832039	0.4415014241682907359079413425
0.54416899406923902490818456728	0.438477069906169985329561868
0.54259674387337930516243407792	0.4354611227176670817082088795
0.54102225671444261435427721657	0.4324537464235610305199888099
0.53944561760832157388185629957	0.4294551020383165655628949571
0.53786691100047464031146473227	0.4264653477667054014553311575
0.53628622076072868486558609701	0.4234846390014902970100078364
0.53470363017826802527913953841	0.4205131283219722113621038018
0.53311922195680449583574807033	0.4175509654935929189853729881
0.53153307820994114269788676271	0.4145982974683214797908989082
0.52994528045670048393885795613	0.4116552683861586272488470846
0.52835590961725267586247799405	0.4087220195773630976577086651
0.52676504600880470442609137132	0.4057986895656273453465821286
0.52517276934167704391442318651	0.4028854140720670363610226455
0.52357915871555126050280323569	0.3999823260202671558887754847
0.52198429261589151858404251283	0.3970895555416290186824084376
0.52038824891053761662893276087	0.3942072299823445538784620777
0.51879110484646754838140877341	0.3913354739102098528042023281
0.51719293704672807450935293962	0.3884744091231439437025873419
0.51559382150753184374871481439	0.385624154657709022085127094
0.513993833595515084501478154	0.3827848267988079675987821283
0.51239304804516204295952296196	0.3799565390899683398726859462
0.51079153895639028307523522565	0.3771394023442174491575414183
0.50918937979228625513194052308	0.3743335246560111513393776059
0.50758664337700576131435522155	0.3715390114133265796465543776
0.50598340189382884063029308428	0.3687559653107349162435625219
0.50437972688335129345736022953	0.3659844863630803941507976879
0.50277568924185305016090198645	0.3632246719196432402094237095
0.50117135921979052494236858209	0.3604766166790017660444585616
0.49956680642044582559437396387	0.3577404127044353806026917802
0.49796209979871968759140759615	0.3550161494398929917079155642
0.49635730766006852483008764216	0.3523039137265238258648226526
0.49475249765957027204548060179	0.3496037898196717909812289785
0.49314773680114047419764632038	0.346915859406484940744970306
0.49154309143687715953003076841	0.3442402016239158104494538307
0.48993862726654076095584327284	0.341576893077210514614075742
0.48833440933716501661830488032	0.3389260078589579646105053004
0.48673050204279699571379250871	0.3362876175684284928692099308
0.48512696912436411677593151181	0.3336617913314437022259200097
0.48352387366966616682543380841	0.3310485958206279632583433931
0.48192127811349046448391235244	0.3284480952760370253865844372
0.48031924423784348057404686509	0.3258603515261631408077972979
0.47871783317230528202647168014	0.3232854240093072680474176065
0.47711710539450577961715869776	0.3207233697953321368202150025
0.47551712073069724828080186971	0.3181742436076657730332707175
0.47391793835645981013571337353	0.3156380978457032093236107956
0.47231961679749810046623180959	0.3131149826074152038701802551
0.47072221393055914020431002173	0.3106049457123387634595439916
0.46912578698444982302203802823	0.3081080327247551201834417807
0.46753039254115802531370754861	0.3056242869771764319532787631
0.46593608653707628476832742441	0.3031537495940328603302047302
0.46434292426432334177634855947	0.3006964595156161486874796462
0.46275096037216400599264734261	0.2982524535222223741647331112
0.46116024886852300327842259267	0.2958217662584837653172739287
0.45957084312159370603582461735	0.2934044302579017167515273971
0.45798279586153093164413455464	0.2910004759675337715842700912
0.45639615918224376963623097637	0.2886099317728920431761674806
0.45481098454327165314432978355	0.2862328240227923806983586484
0.45322732277172928963870069196	0.2838691770547809889853110207
0.45164522406436204772098783218	0.2815190132200801658829248929
0.45006473798966051608999505504	0.2791823529091524335064212471
0.44848591349006087134713223376	0.2768592145770360541017406986
0.44690879888422776743527668405	0.2745496147689797214279280695
0.44533344186939796974312808185	0.2722535681460710076993203786
0.44375988952381033556063275935	0.2699710875108487088601353319
0.4421881883092005669505961594	0.267702183833038054423022307
0.44061838407336549638741264094	0.2654468662754248240335113816
0.43905052205279539590782062511	0.2632051422195698949639608234
0.43748464687537084712179288523	0.2609770172916245305214068877
0.43592080256312322041522637782	0.2587624953883287614544468019
0.43435903253505685299339006464	0.2565615787026152059741591252
0.43279937961003033135070616124	0.2543742677496060855239860557
0.43124188600969701936197607384	0.2522005613923952949919476917
0.4296865933615003705373843287	0.2500404568678103759024011418
0.42813354270172428640190401507	0.2478939498121648659217801893
0.42658277447859615718641637908	0.2457610342870109672552594404
0.42503432855544080630626454836	0.2436417028047288134830717139
0.42348824421388342535676876733	0.241535946354208725033296484
0.42194456015710030509886780483	0.2394437544261887395561183749
0.4204033145131155282729441472	0.2373651150390812799273488813
0.41886454483814148711716564116	0.2353000147638345086215353539
0.41732828811996309367004101377	0.2332484387497343199797846597
0.41579458078136120690690610208	0.2312103707490898051849548221
0.41426345868357753127095105492	0.2291857931427444699977009633
0.41273495712981623139012956309	0.2271746869647407217449579282
0.41120911086878212815145599152	0.2251770319273399619745018526
0.40968595409825415912353202851	0.2231928064455328511750182899
0.40816552046869172386004821069	0.2212219876619539434521559385
0.40664784308687332781262244108	0.2192645514710765082165387817
0.40513295451956543164823635568	0.2173204725436623644909465633
0.40362088679722086765411393107	0.2153897243508644236340045297
0.40211167141770738441532129492	0.2134722791883345978532054786
0.40060533935004283446574509131	0.2115681082000048840258936753
0.39910192103820660837939840219	0.2096771814018348448850587469
0.39760144640490572565521313091	0.2077994677053582312841777845
0.39610394485541416180095024894	0.2059349349410665143519007747
0.39460944528141365369344653595	0.2040835498815641274794905108
0.3931179760648577020233062944	0.2022452782646449567227111074
0.39162956508185240303397751708	0.2004200848160809261526988809
0.39014423970655646704925635066	0.198607933272295967639585021
0.38866202681509598187496219798	0.1968087864028586507704809393
0.38718295278949480065730987705	0.1950226060327568370851675137
0.38570704352161836649844400152	0.1932493530644137496508309878
0.38423432441712919116857844811	0.1914889874996517499552488871
0.38276482039945631428900431266	0.1897414684613149753578282456
0.38129855591377176096794560944	0.1880067542147826561807657753
0.37983555493097851159851360776	0.186284802189223077370708787
0.37837584095171594140466398131	0.1845755689986883600593479411
0.37691943701032423035064504143	0.1828790104629054375521883899
0.37546636567890964519503195373	0.181195081628000309980628034
0.37401664907132273397894413666	0.1795237367868550750614265177
0.37257030884718340114722433612	0.1778649294993326532188634529
0.37112736621590066148972531442	0.1762186126123386078896744877
0.36968784194071193763616199193	0.1745847382795090176196198069
0.36825175634268349122618773117	0.1729632579807408022624142273
0.36681912930475325283021903435	0.1713541225416835777558267524
0.36538998027575275349783370661	0.1697572821526938390503059995
0.36396432827442736075094694728	0.1681726863876969886283042744
0.36254219189345726673068844636	0.166600284223006791815361296
0.3611235893035039308410142315	0.1650400240556437692994062242
0.35970853825717898800532172299	0.1634918537215518845076978934
0.35829705609308831613726086612	0.1619557205135961810041097348
0.35688915973982942425786154822	0.1604315711993094973039438035
0.35548486571999166224064811631	0.1589193520384163471372980332
0.35408419015416385276511347143	0.1574190088001443300593342372
0.35268714876486563406969163038	0.1559304867802315876062463408
0.35129375688060791777000018558	0.1544537308178560734362181592
0.34990402943980746167652186872	0.1529886853121865653887998199
0.34851798099476085408572751542	0.151535294238781312000338309
0.34713562571559486153095858626	0.1500935011657373748865095616
0.3457569773942060443886605203	0.1486632492696273884798589635
0.34438204944818912122289254661	0.1472444813511918356572634748
0.34301085492474016081328576397	0.1458371398508004949850551518
0.34164340650462899563737196139	0.1444411668637668182182744036
0.34027971650593980814678797882	0.1430565041552117439943002616
0.33891979688815197688728778561	0.1416830931750787481926042759
0.33756365925581583758370274582	0.1403208750724968457516668022
0.33621131486251452166105493518	0.1389697907102492130581133273
0.33486277461469702295328637003	0.1376297806789016321412458147
0.33351804907541434735774433602	0.1363007853106091725392424311
0.33217714846821695707407497504	0.1349827446928984406561876193
0.33084008268088640894481924582	0.1336755986820912742741103809
0.32950686126921856332123330421	0.1323792869165306655236756729
0.32817749346081208459211809001	0.1310937488296549797648548052
0.32685198815873896838284419007	0.1298189236627503269119026582
0.32553035394530812649744388257	0.128554750477595600263652337
0.32421259908575309070401344531	0.1273011681688093435148109797
0.32289873153191324953799689555	0.1260581154760335052483822472
0.32158875892589591632357369779	0.1248255309959008417435991985
0.32028268860373049582987846899	0.1236033531937690764612667862
0.31898052759895563673588947275	0.1223915204152586508534582865
0.31768228264624947242505378181	0.1211899708975875875928762955
0.31638796018502950349893234825	0.1199986427807308531973437395
0.31509756636298386360499432516	0.118817474118294478827940919
0.31381110703962377580286938529	0.1176464028883101315951691862
0.31252858778980162020372388668	0.116485367003663868330524378
0.3112500139071951552991871301	0.1153343043224923803795389901
0.30997539040785776706042843798	0.1141931526583351707364415147
0.30870472203356027655266744275	0.1130618497899682447748382353
0.30743801325530032950486228396	0.1119403334712285755195321384
0.30617526827669649598880488358	0.1108285414405354350243088686
0.30491649103737495660825189981	0.1097264114302512773319940578
0.30366168521633726369329901475	0.108633881175847642893926027
0.3024108542353034207412052602	0.1075508884248999365407123551
0.30116400126203107253884282961	0.1064773709458913181462077951
0.29992112921361759948072476476	0.1054132665368184746086363924
0.29868224075976809601433167737	0.1043585130336358042316002853
0.29744733832604993710766116929	0.103313048318519164137939264
0.29621642409711888924201977978	0.1022768103279496933575554448
0.29498950001992231098482430053	0.1012497370606104340903069138
0.29376656780688249193105255271	0.1002317665851411917902335475
0.29254762893907790381341349467	0.0992228370477128239884774881
0.29133268466925474372717439033	0.0982228866793272798250866932
0.2901217360251102138460575671	0.0972318538031985508077804633
0.28891478381230523832870823266	0.0962496768417464835530828955
0.28771182861745020791632881427	0.0952762943234486221195633356
0.28651287081121187363564133487	0.0943116448896214998065551865
0.28531791055139410874377168396	0.0933556673010790252624269776
0.28412694778575955368199967176	0.0924083004444301780734794707
0.28293998225510510613098047181	0.0914694833383952356389547268
0.28175701349617336116830565876	0.0905391551399422826086568306
0.28057804084456327147220957839	0.0896172551502546691958235554
0.2794030634376249214001763935	0.0887037228205091234958671345
0.27823208021731596016385705378	0.087798497757588355050065583
0.27706508993304613928689103946	0.0869015197295444212624737928
0.27590209114449182265286421975	0.0860127286710590491937770242
0.27474308222438807124290439384	0.0851320646886147200656963121
0.27358806136129042694369844953	0.0842594680656377791527313628
0.27243702656231888133569229247	0.0833948792674225889285088693
0.27128997565587899051357033463	0.0825382389460138682352503661
0.27014690629434721715331718109	0.0816894879447961754247891311
0.26900781595674215402572360758	0.0808485673031674581986985511
0.26787270195137369467160728067	0.0800154182609475998121501257
0.26674156141845352553787348207	0.0791899822626124693816124155
0.2656143913326939459049393832	0.0783722009615571024569569587
0.2644911885058811280145109474	0.0775620162241000726073948455
0.26337194958941457493359240593	0.076759370133388542082177995
0.2622566710768416633055576314	0.0759642049933226083838730353
0.2611453493063417674712330923	0.0751764633321131833838061211
0.2600379804632076427809329774	0.0743960879059587962985401766
0.25893456058229876863903445079	0.0736230217024355694470922472
0.25783508555045752624587401444	0.0728572079439182634110278784
0.25673955110892129134879167596	0.0720985900907533207155351107
0.25564795285569717383176722012	0.0713471118444194546996972784
0.254560286247913503196058559	0.0706027171505485019995223928
0.25347654660415606459536775201	0.0698653502018323549192968729
0.25239672910677614123174798746	0.0691349554408271732953072607
0.25132082880416944432381837937	0.0684114775627044987886347097
0.25024884061304027257410047344	0.0676948615178105552477520492
0.24918075932064291844226079148	0.0669850525141838733310742976
0.24811657958698905173825970763	0.0662819960200066246771237048
0.24705629594704353130763995458	0.0655856377658751643773104152
0.24599990281289218309868909837	0.0648959237470564849664674495
0.24494739447589037560679351692	0.0642128002255938173564350613
0.2438987651087805087512411432	0.0635362137324021484725150774
0.24285400876779660744886586938	0.0628661110691188674872189014
0.24181311939474076462711296163	0.062202439310081093541663839
0.24077609081904280787270809897	0.061545145804034780557653688
0.23974291675978536476671694744	0.060894178175871355521624677
0.23871359082772342660884425499	0.0602494843282002724222134003
0.23768810652727104928000827234	0.0596110124429227404796177126
0.23666645725846665535749327513	0.0589787109826343540206667954
0.23564863631892108924267031341	0.0583525286920609572439354037
0.23463463690574224106124369094	0.0577324145993278207014179479
0.23362445211743639409762493157	0.0571183180171670769498096121
0.23261807495578837582237401254	0.0565101885440930662363333231
0.23161549832772546408360996002	0.0559079760654709531360557481
0.2306167150471518669529379603	0.0553116307545248953273116452
0.22962171783677174803043348629	0.054721103073278797287170148
0.22863049932988042413350700991	0.0541363437734261617859892246
0.22764305207214841308893475187	0.0535573038971335154291696782
0.22665936852337113740595488207	0.0529839347777791736505911251
0.22567944105920837724562119736	0.052416188040632751937454948
0.22470326197289637695232760989	0.051854015603464053225204894
0.22373082347694715937862707388	0.0512973696770962639803219961
0.2227621177048223751198531527	0.0507462027658997677109110972
0.22179713671258595686035817131	0.0502004676682252403925090727
0.2208358724805455420056311857	0.049660117476780246853353901
0.21987831691486586870732785781	0.0491251055789483020168560027
0.21892446184916342587957353221	0.0485953856570571852799569608
0.21797429904608736782500746582	0.0480709116885883561456256676
0.21702782019888019555402098133	0.0475516379463392861841030604
0.21608501693291153736413845755	0.047037518998529999694574907
0.2151458808072035199380771563	0.0465285097088619270707817098
0.21421040331593302847032729091	0.0460245652365286702002584455
0.21327857588991378107556996743	0.0455256410361754453055261193
0.21235038989806167388490906976	0.0450316928578173061169254947
0.21142583664884277821434159683	0.0445426767467034653400825372
0.21050490739170682462793458919	0.0440585490431491938075706345
0.2095875933184851370462510273	0.043579266382317580482510154
0.20867388556480367254858090461	0.0431047856939269379885610054
0.20776377521144354311094227936	0.0426350642020180551293485506
0.20685725328570412007889558397	0.0421700594245439951800529755
0.20595431076274702178004579247	0.0417097291730148351016758414
0.20505493856691809775519576271	0.0412540315520828932849197903
0.20415912757305177998563099058	0.0408029249590692331152285385
0.20326686860776884465348786509	0.0403563680834871832327306493
0.20237815245073944175036094514	0.0399143199065020187392309923
0.20149296983594904809092077189	0.0394767397003446920143427664
0.20061131145293633034732635969	0.0390435870277771729123577576
0.19973316794801379163969660481	0.0386148217413918488378246959
0.19885852992547886270424980815	0.0381904039829839824886459631
0.19798738794881221362929238161	0.0377702941828580803831619196
0.19711973254184081075542510284	0.0373544530590893040879332837
0.19625555418991003987435273586	0.0369428416167839416142048485
0.19539484334102267412329466552	0.0365354211472923930813009708
0.19453759040697219778028760025	0.0361321532273900520889976817
0.19368378576445603935173516846	0.0357329997184551124699440472
0.19283341975617411089317335798	0.0353379227656008434460910901
0.19198648269191550057665688741	0.0349468847967915647700830134
0.19114296484962641878423721076	0.0345598485219217938413736934
0.19030285647646435675370502704	0.0341767769318660400766390325
0.18946614778984485801988021328	0.033797633297570528521699517
0.18863282897845953492391461079	0.0334223811689981619966067956
0.1878028902032927193024920196	0.0330509843741939844932358614
0.18697632159861747359517140236	0.0326834070182231313515535243
0.18615311327298400663877610709	0.0323196134821001750325095224
0.18533325531018300414481794581	0.0319595684217911953636471203
0.18451673777020753401082252593	0.0316032367670935722643164995
0.18370355069019256922462819054	0.0312505837205141838757740077
0.18289368408534714417772636346	0.0309015747561795390451105805
0.18208712794986941656683422028	0.030556175618690991895439597
0.18128387225785098367356759423	0.0302143523219484921865265644
0.18048390696416438522857350441	0.0298760711480342712269720022
0.17968722200534621540596161997	0.0295412986459630743958133063
0.17889380730045459386565357879	0.0292100016305181024405352052
0.17810365275192472538776620156	0.0288821471810522933559913359
0.17731674824641298544075818347	0.0285577026402061024528644221
0.17653308365561572019823110639	0.0282366356127352663725392455
0.17575264883709099446490692145	0.0279189139641894304940032501
0.17497543363505873807657655673	0.0276045058197183140803345509
0.1742014278811927629404092833	0.027293379562710197996675521
0.17343062139540200655356195593	0.0269855038335752468738084698
0.17266300398659566233874189707	0.0266808475284244256345438069
0.17189856545343978814125461582	0.0263793797977395443568850146
0.17113729558510334941432171621	0.0260810700450931272882600276
0.1703791841619913613444453828	0.0257858879257807863972586635
0.1696242209564664123753208684	0.0254938033455099363475591822
0.16887239573356404280137064088	0.025204786459062622059022435
0.16812369825168624832736880842	0.0249188076688829123094178549
0.16737811826329631572262542783	0.0246358376238393284636046188
0.16663564551559772055290244225	0.0243558472177057021244964242
0.16589626975119885789203231461	0.0240788075879057112999806836
0.165159980708777218187797549923	0.0238046901140893423288099765
0.164426768123720472888468236977	0.0235334664167335649868753362
0.163696621728767843692561160825	0.0232651083557855004017916526
0.162969531254637728698180861159	0.022999588029238397661927449
0.16224548643064338202366468293	0.0227368777717461464226717175
0.161524476985302195811852253338	0.0224769501531836700102625694
0.160806492646929890931128338004	0.0222197779773148638284607129
0.160091523144237843426629799581	0.0219653342803013326568595919
0.159379558206901788017083072542	0.0217135923293324223346514486
0.158670587566136530106743422052	0.0214645256211577236059285656
0.157964600955251463172355209333	0.0212181078807449907401989313
0.15726158811021159182558544377	0.0209743130597821757861944223
0.156561538770167120574705734713	0.0207331153352905678776554817
0.155864442677994244731435774356	0.0204944891081563057265995643
0.155170289580816133290683566913	0.0202584090017792163013686704
0.154479069230522018012865468597	0.0200248498605404301847748647
0.153790771384264603443982174473	0.0197937867484686998574660137
0.153105385804969248308186034366	0.019565194947722122258769995
0.15242290226182117004080026401	0.0193390499572318073196237587
0.151743310530739074830410094845	0.0191153274912031647170747065
0.151066600394854445202417930614	0.0188940034777347359054295161
0.150392761644982949898169805213	0.0186750540573520824192253016
0.149721784080066491610660526271	0.0184584555815940822235011748
0.149053657507632072803823348209	0.0182441846115709431620836189
0.148388371744233176171577641966	0.0180322179165519840945753021
0.147725916615879338769917154902	0.0178225324725058130154292986
0.147066281958463447642619261756	0.0176151054607083191759490623
0.146409457618182394167987269714	0.0174099142662902415663179586
0.145755433451942714238721450333	0.0172069364768319944390674521
0.145104199327768794293243000923	0.0170061498809276658964818037
0.144455745125198663758819128702	0.0168075324667766461570534503
0.143810060735667631744375158847	0.0166110624207599950487748101
0.14316713606289867896460152935	0.0164167181260299715876122587
0.142526961023270986766243237939	0.0162244781610948121852293681
0.141889525546188182393241589772	0.0160343212984207887290377295
0.141254819574445611449492173065	0.0158462265030061577416929484
0.140622833064572747166310141719	0.0156601729310021316525040765
0.139993555987197418166809175912	0.0154761399282989053457140186
0.139366978327376133719291682008	0.0152941070291384184129322524
0.138743090084921049428962922716	0.015114053954717758118308844
0.138121881274750646979372835717	0.014935960611809476731790775
0.137503341927192117723514154128	0.0147598070913677855294504583
0.136887462088308075153481759708	0.0145855736671594587929258459
0.136274231820200325494108709054	0.0144132407943863235010102932
0.135663641201315866676916184935	0.0142427891083102647398732062
0.135055680326744261268455750919	0.0140741994228846986556214924
0.134450339308505360200389691786	0.0139074527294236922389703553
0.133847608275850046373195805477	0.0137425301951861757955304372
0.1332474773755181467331235429	0.0135794131620967043295669585
0.132649936772027511763310328913	0.0134180831453294040183254906
0.132054976647940226082953685532	0.0132585218320227634732531403
0.131462587204122160833904620108	0.0131007110799118623040678186
0.130872758660006089801323419782	0.0129446329160022242868433936
0.130285481253840454586779622759	0.0127902695352545497754173275
0.129700745242937668184639364725	0.0126376032992567716619733871
0.129118540903915771240815682413	0.0124866167349173365018237892
0.128538858532935099511860241515	0.0123372925331336024785550922
0.127961688445928221765498226167	0.0121896135475340187374475542
0.127387020978833500537252270857	0.0120435627931242184494107146
0.126814846487806089698189602834	0.0118991234450423106380878028
0.126245155349441655581036567652	0.0117562788372496968754433583
0.125677937960986788339635946428	0.0116150124612621740293673772
0.12511318474054548229722033835	0.0114753079648736458284199578
0.124550886127282536014877775443	0.0113371491508812407991082519
0.12399103258162015895689247982	0.011200519975839233596722849
0.123433614585434238860875983027	0.011065404548791882141525853
0.122878622642236185015031092318	0.0109317871300362198849781807
0.122326047277362124805988841683	0.0107996521298679197359727958
0.121775879038155064576856223336	0.0106689841073554545274354487
0.121228108494138602946038743054	0.010539767769114190565701137
0.120682726237184295718984147251	0.0104119879680683188780248932
0.120139722881682944130020674312	0.0102856297022487831371532229
0.119599089064703538859548470113	0.0101606781135811557484892831
0.119060815446163570698307298395	0.010037118486688361416289679
0.118524892708967807934905992936	0.0099149362476749805149648904
0.117991311559166884804925866212	0.0097941169629624865337004464
0.117460062726109111408306635053	0.0096746463380939741826977062
0.116931136962571130804172306553	0.0095565102165571281971932228
0.116404525044910425310378984193	0.0094396945786224987411354595
0.11588021777319726738838877725	0.009324185540180393262296045
0.115358205971340049171183120363	0.0092099693515791128799476831
0.114838480487219875178837597911	0.0090970323964788410394896273
0.114321032192813660167797193907	0.0089853611907194297269027243
0.113805851984315352711473832641	0.0088749423811753461061432975
0.113292930782253389387371920696	0.0087657627446280159079035358
0.112782259531604735587788662036	0.0086578091866554334766810387
0.112273829201906729220777207509	0.0085510687405054257830719218
0.111767630787361669214058651455	0.0084455285660015732632754661
0.111263655306949057835544426031	0.0083411759484338239546920359
0.110761893804516127527284734948	0.0082379982974686347129961615
0.11026233734888129954834888249	0.0081359831460668143526331872
0.109764977033929174305585673638	0.0080351181493992335262689904
0.109269803978698221738932708365	0.0079353910837796323155840594
0.108776809327475758148635890219	0.007836789845596685586972757
0.108285984249879146932206044533	0.0077393024502579849172523652
0.107797319940938824857088705262	0.0076429170311410237241081207
0.10731080762117642355848037508	0.0075476218385426001502950018
0.106826438536690367647850563835	0.0074534052386540056237565099
0.106344203959216438777614031965	0.0073602557125164775680509067
0.105864095186208094960443464258	0.0072681618550137798322192325
0.105386103540901359185774407576	0.007177112373844395906028214
0.104910220372388238306743157557	0.0070870960885174691455326432
0.10443643705566242779144879348	0.0069981019293544111719773228
0.103964744991703589712588358989	0.0069101189364897793807363715
0.103495135607512540697530407899	0.0068231362588808549901925758
0.103027600356182166050123664585	0.0067371431533333276916097163
0.102562130716946004145825870634	0.0066521289835284182709630016
0.102098718195225518617601223194	0.0065680832190431054266497286
0.101637354322683065555741215495	0.0064849954344089560918065208
0.101178030657259345173548364937	0.006402855308139011314759958
0.100720738783231867420329649505	0.0063216526217983581548498613
0.100265470311240527501439753433	0.0062413772590545671831418382
0.099812216878334219018317738363	0.0061620192047502153184893183
0.099360970148006285715798742904	0.0060835685439741411957615312
0.098911721810227926272922468273	0.0060060154611421425482782042
0.098464463581481590730707314794	0.0059293502390877159013537663
0.098019187204790458730513410959	0.0058535632581566429549904108
0.097575884449749034774598265451	0.0057786449952980910907477772
0.097134547112538739298510063576	0.0057045860231958844326962393
0.096695167015963640525413498979	0.0056313770093520844581281792
0.096257736009478088611699843262	0.0055590087152403469808285243
0.09582224596918449923209805429	0.0054874719954106286568957128
0.095388688797868463514405629334	0.0054167577966334596650944668
0.09495705642501009586159849213	0.0053468571570379847862474516
0.094527340806798787295064725342	0.0052777612052653190745084389
0.094099533926145955087112275041	0.0052094611596187399524176898
0.093673627792695278855726354028	0.0051419483272225890579048811
0.093249614442830485616894970139	0.0050752141032002326499371852
0.092827485939685208254489739943	0.0050092499698336648608343463
0.092407234373144008775535944628	0.0049440474957545981378214297
0.091988851859853495459774707323	0.0048795983351243328011574805
0.091572330543216883071097611232	0.004815894226835301763045853
0.091157662593397867769524958691	0.004752926993703966749014549
0.090744840207319376069919000318	0.0046906885416824557391874885
0.090333855608660574584062839494	0.0046291708590595888511531492
0.089924701047852662277940844903	0.0045683660156975649513740881
0.089517368802072871092785512383	0.0045082661622363050391768038
0.089111851175238072108946704442	0.0044488635293462336242662869
0.088708140497994819408789000997	0.0043901504269436839100925015
0.088306229127710273297290625728	0.0043321192434531030032195506
0.087906109448459519857523830123	0.0042747624450441972591569323
0.087507773871013758539849701888	0.0042180725748955310915884971
0.087111214832825300322451289482	0.0041620422524478019768375047
0.086716424798011969421758435999	0.0041066641726825101827476631
0.086323396257341416505714699417	0.004051931105384195193706346
0.085932121728207281037326059158	0.0039978358944315772675441129
0.08554259375462014316820359834	0.0039443714570732643375510994
0.085154804907176428079998376953	0.0038915307832247187083673776
0.084768747783041595809214819554	0.003839306934765059558379539
0.084384415005925729302557956885	0.003787693044840696166034708
0.08400179922606023630742578158	0.0037366823171723143622937356
0.083620893120168358775254545468	0.003686268025371617898508344
0.083241689391443686027579778186	0.0036364435122612143937027879
0.082864180769519951885751996156	0.003587202189202158517216821
0.082488360010442405861438210711	0.0035385375354243557454435678
0.082114219896636325704207412656	0.0034904430973636041670431514
0.081741753236877934307517670614	0.0034429124880071453540185175
0.081370952866261576683971671897	0.003395939386240512392196912
0.081001811646165875621067174123	0.0033495175362037587072942223
0.080634322464223142680134750898	0.0033036407466491773543402005
0.080268478234278325686994278938	0.0032583028903052618758341604
0.079904271896359474196325790105	0.0032134979032548943809939664
0.079541696416632853358612225375	0.0031692197842994305121598482
0.079180744787374269589770431942	0.0031254625943504798928422519
0.078821410026924359970593163262	0.0030822204558135866968061025
0.078463685179648386172957084494	0.0030394875519763607700162916
0.07810756331590367046717247277	0.0029972581264113926013155461
0.077753037531987569824708033133	0.0029555264823749836454453981
0.077400100950098494155521154146	0.0029142869822175092730549127
0.077048746718298230783508032895	0.0028735340467943638940311852
0.076698968010463428641295388734	0.0028332621548802147176871986
0.076350758026240353773455878711	0.0027934658426049156378207145
0.076004109991001227505864379346	0.0027541397028623169631074338
0.075659017155798058970990813789	0.002715278384761531386737929
0.075315472797319361425863920224	0.002676876593054377379132169
0.074973470217832934381041344973	0.002638929087581625279680842
0.074633002745147870589495441962	0.0026014306827192059754783175
0.074294063732559778087330886902	0.0025643762468302051487605058
0.07395664655880311275832926576	0.0025277607017311749316464894
0.073620744627999401222177351125	0.0024915790221403035359842894
0.073286351369609141350689511918	0.0024558262351558965175306662
0.072953460238376151501506302311	0.0024204974197220172027617564