3.4738025776954769744103450317	31.801318256365376987217873423
2.8863925557283177758138869429	16.219299851749433998324428447
2.4787124625142967529332094355	9.52723106768063021067813623
2.1791624257287034228186800333	6.19659920186373345492789393
1.9496990882663604498700630601	4.352163176046535666823924528
1.7682658676648014151196560768	3.244977850958711520063052938
1.6212170160575334576959382937	2.5373279339179532956056757773
1.49967637112119820189746871457	2.0619198816017636791326072114
1.39763546399173166553856082332	1.7294176708702464565737108707
1.31089221708467649430067783815	1.4890906198329396886661603607
1.23642580450514755043000036165	1.3106140638306733536960526542
1.17201142572781118454264552307	1.1750548110367650786400618479
1.1159737144271913853328578531	1.0701409864737671595609097743
1.0670237792111889265203324748	0.9876549861561882155040743126
1.02414868933354801790767891006	0.9219344058486399774847499962
0.98653504324676834612078037608	0.8689776606603800637750934018
0.9535154206668396266225363729	0.825892771855251338602004203
0.92453063642287194209102526725	0.7905477053262291141263242522
0.89910313891699244940502805248	0.7613427336694757159284270221
0.87681836008615133828326602806	0.7370586964593870209171502086
0.85731173972831583976057029482	0.7167536295131528782075526315
0.84025975157249360385796603105	0.6996909092156784815031726863
0.82537368588052054469664810869	0.6852883561268324197179294199
0.81239526644031769660793415083	0.6730815490782429512371056345
0.80109343484749722405965287128	0.6626969520490313793427866774
0.79126183840006287086402606319	0.6538319361134134100865866596
0.78271671711971651065470384401	0.6462397268553833703494535893
0.77529500501767666770130292669	0.6397179247110457112793739764
0.76885254563313248480823124928	0.6340996551834093594877974006
0.76326237794362147846139695232	0.6292466789895818240406622915
0.75841308239053462966966920802	0.6250439814429207151953406514
0.75420719420713255391002685627	0.6213954896505991165489380451
0.75055969790774732209699657348	0.6182206581691708840028160787
0.74739661699499737519835169724	0.6154517292917714088246987064
0.7446537097879745279726140959	0.6130315216122411061607208057
0.74227527784344132941095989011	0.6109116353127558336574279878
0.74021308898160881953151387248	0.6090509883954026840195475094
0.738425413089892965755782655	0.6074146173834740893514825461
0.73687616592137954317812272009	0.6059726905695196949153847441
0.73553415405370281526792239896	0.6046996929997000400878302925
0.73437241292913117006476469981	0.603573750886832978125975518
0.7333676293070203670257445433	0.6025760697391464881824704233
0.73249963936627535212495273518	0.6016904656161466981058702453
0.73175099395321350084164619029	0.600902972942676621961932244
0.73110658295842682675122555842	0.6002015154864112620848173299
0.73055331143018546736576503951	0.5995756296163065187548916089
0.73007982072107680510562953829	0.5990162309687189871352245072
0.72967624866890267701532103008	0.5985154172563899100839316072
0.72933402349871182584309296779	0.5980663012525283382361162819
0.72904568677908475066102733107	0.5976628690306241036072059246
0.72880474136045725857164753927	0.5972998593938415918649407377
0.7286055207609084803870035758	0.5969726611224739158591089608
0.72844307694440467945643629353	0.5966772252372918525732728151
0.72831308385979318118114851471	0.5964099899434671165602341823
0.72821175447941609328265169733	0.5961678163045815528910817992
0.72813576939852188852534687698	0.5959479330138080181945305301
0.72808221533553626138054192776	0.5957478888924889255971390924
0.72804853211357699360892944262	0.5955655119644755200753250541
0.72803246691002545421294552767	0.5953988741364151687475898915
0.72803203473783460465906769189	0.5952462606651756295136121182
0.72804548427350024433150830281	0.5951061437208044655452626299
0.72807126827577258861080411454	0.5949771594585080676558150658
0.72810801794935209643263577889	0.5948580881027064389060460723
0.72815452070172082212917530865	0.5947478366201374164491036967
0.72820970082127465280203892058	0.5946454236227766594091792875
0.72827260267308604822247851001	0.5945499661932041303749190144
0.72834237606669795377179361665	0.5944606683708894931167155634
0.72841826349983204921553204333	0.5943768110749065713177686393
0.7284995890240735573831844509	0.5942977432712495605636428528
0.72858574851456571016006188798	0.5942228742204586233347016544
0.72867620115644147218497775	0.5941516666625322089245480783
0.72877046198693005971243675847	0.5940836308195151306328322112
0.7288680953544733561656861312	0.5940183191076808240410147304
0.7289687091753428599376365916	0.5939553214735710424791389592
0.72907194988464501994295333252	0.5938942612688956405385996583
0.72917749799265195622761877038	0.5938347916025850544733551396
0.72928506416944351978646898444	0.5937765921079747626205047892
0.72939438579119053551399861478	0.5937193660749122380626826126
0.72950522389029831036308238133	0.5936628379023429855084863479
0.72961736045927665956648601585	0.5936067508333387370129099626
0.72973059606478837782365078084	0.5935508649382100041355490851
0.729844747734005731335668893	0.5934949553167225821322972239
0.72995964708030470419824136499	0.5934388104939733498338196298
0.73007513863956050478569207742	0.5933822309874403662333307243
0.73019107839196987681445614841	0.5933250280251944104064986644
0.73030733244749676477998439285	0.5932670223986475309488643692
0.73042377587578672244948636598	0.5932080434342966177800330158
0.73054029166378095211996113147	0.5931479280716446086878263941
0.73065676978633331676726158836	0.5930865200351670823833406375
0.73077310637693612040785506422	0.5930236690897903129232551477
0.73088920298722978233370188033	0.5929592303723510461505044508
0.73100496592533935656485689627	0.5928930637887614149234145412
0.73112030566427432074905955851	0.5928250334713924027485111691
0.73123513631267049963738032283	0.5927550072904865533289679237
0.73134937514106446936352273321	0.5926828564119441541432824511
0.7314629421576885840433737321	0.5926084549006276446618924315
0.73157575972847377299501518049	0.5925316793596934033762988305
0.73168775223656033003412280711	0.5924524086065603092411393833
0.73179884577715515184341077306	0.5923705233793645173336850165
0.73190896788404688921162600417	0.5922859060720762975435189325
0.73201804728450655585763447006	0.5921984404946674069367546448
0.73212601367966750081925959052	0.5921080116569233522593027181
0.73223279754780153526608681631	0.5920145055726832596177735319
0.73233832996819283808018138809	0.5919178090830248553146621958
0.73244254246356276035153789705	0.5918178096972907126362230218
0.73254536685922090859933244301	0.5917143954488278989764070478
0.73264673515731448248806122448	0.5916074547657267270302181163
0.73274657942472188926921195032	0.5914968763537802721763190623
0.73284483169329087257347895968	0.5913825490921963893226613016
0.7329414238712581504739890546	0.5912643619394045455945691775
0.73303628766480893346678813769	0.5911422038490279108384288282
0.73312935450884250524256367208	0.5910159636951801840300698245
0.73322055550610588690557964971	0.590885530205816221242966742
0.73330982137394286688823286052	0.5907507919036491696158412142
0.73339708239798158824511044606	0.5906116370547828211920646889
0.733482268392151517530790803	0.5904679536230405851584267317
0.73356530866448092519379270681	0.5903196292313454831968024611
0.73364613198817981228903581512	0.5901665511275463668466701381
0.73372466657756126580264196712	0.5900086061564808011515724326
0.73380084006839715114566728977	0.5898456807362192047596536396
0.73387457950234243626329536255	0.5896776608390790076406314628
0.73394581131509678353057048481	0.5895044319766978421037673405
0.73401446132800279419006954023	0.5893258791891807998650747943
0.73408045474280783769699622719	0.5891418870378042540362443905
0.73414371613934109274534229041	0.5889523396010110343830433983
0.73420416947587958280889275332	0.5887571204741270802647486709
0.73426173809199687077444064422	0.588556112771417901549904918
0.73431634471370594277291483582	0.5883491991313180798483343751
0.7343679114607238609228646568	0.5881362617247347771208100219
0.73441635985570020447020283838	0.5879171822652220833343807996
0.73446161083526431027359678299	0.5876918420220156600291437034
0.73450358476275802450395405176	0.5874601218350498822836470075
0.73454220144253122016738086795	0.5872219021323879011916064166
0.73457738013568684273750108318	0.5869770629495717339421630442
0.73460903957717082516092841171	0.586725483950836438027662586
0.73463709799410996101879269548	0.5864670444523852894168057948
0.73466147312530782634233291569	0.5862016234472910830313162734
0.73468208224181517210251411299	0.5859290996319817601446524577
0.73469884216849694240663372459	0.5856493514345875790836578406
0.73471166930652326629196191647	0.5853622570446071288411041666
0.73472047965671648045463701039	0.5850676944440660550863019662
0.73472518884369051568503408128	0.5847655414402301274327165643
0.73472571214072286305641867525	0.584455675699333712146196737
0.73472196449530287273337463956	0.584137974781924249249052327
0.73471386055530335277918971229	0.5838123161792205095936281189
0.73470131469572537610273040137	0.5834785773506619116019209523
0.73468424104596887967352995889	0.5831366357626214441842472692
0.73466255351758409578991192274	0.5827863689281469505493496069
0.73463616583246109922027822231	0.5824276544476424624034349923
0.73460499155141681581127793307	0.5820603700507286711494488286
0.73456894410314073271770692325	0.581684393638666457744871245
0.73452793681346229516766284225	0.5812996033281246007117788652
0.73448188293490458501289940569	0.5809058774952458766567262341
0.73443069567649036514281684221	0.5805030948209760990158400245
0.73437428823376795516209251794	0.5800911343368888062488695266
0.73431257381902568472056549016	0.5796698754716270910343507864
0.73424546569166486644564646681	0.5792391980983521700992015068
0.73417287718870234542294843904	0.5787989825824348999428786518
0.73409472175537472498434730647	0.5783491098299942255584936658
0.73401091297581735081210918257	0.5778894613368064600894651103
0.73392136460379205509244144414	0.5774199192378946356436317681
0.7338259905934385356673211828	0.5769403663573857628136647991
0.73372470513002506605644746794	0.5764506862589585921599835374
0.73361742266067501974692906949	0.5759507632965937418284034129
0.73350405792504642747773688828	0.57544048266569426352646308
0.73338452598594250815266513908	0.5749197304545229496236434839
0.73325874225983178424150123419	0.5743883936959018333173318185
0.73312662254725705057933753718	0.5738463604191769418257330735
0.73298808306311309149628320324	0.5732935197023146098944062573
0.7328430404667736456819437923	0.5727297617242412473072802077
0.73269141189204870551308182081	0.5721549778172364809710553264
0.73253311497695380233870403478	0.5715690605194611672216825571
0.73236806789327348086519526624	0.5709719036274818696803504103
0.73219618937590170090338216671	0.5703634022488097134005555305
0.73201739875194242690351130073	0.5697434528544860978022967067
0.73183161596955417477340171076	0.5691119533314735517665853207
0.73163876162652278451097430028	0.5684688030350415226677529369
0.7314387569985471745400076235	0.5678139028409583824488696562
0.73123152406722331300762331275	0.5671471551975266164751169634
0.73101698554771211001482217912	0.5664684641773746773240163727
0.73079506491607739954761883453	0.5657777355290016176576546101
0.73056568643628063088110001889	0.5650748767280406763734731441
0.73032877518681933793357209956	0.5643597970281759056405086115
0.73008425708699690004411794549	0.5636324075116970218696707236
0.72983205892281153700629613054	0.5628926211396382080044365209
0.72957210837245291503756674525	0.5621403528014922180156729217
0.72930433403139516283480318471	0.5613755193644136425131121582
0.72902866543707551636540009001	0.5605980397219526943486359926
0.72874503309314822438754901359	0.5598078348421949178970257603
0.72845336849330375895556465021	0.5590048278153374179972030972
0.72815360414464377445459352047	0.5581889439006368918837939114
0.72784567359060266553159046069	0.5573601105726770398674213398
0.72752951143340696687208959769	0.5565182575669800147692580342
0.7272050533560642297129113114	0.5556633169248876356858778381
0.72687223614387339849250712335	0.5547952230376212182736575165
0.72653099770544909594388592165	0.5539139126896311831120551653
0.72618127709325260228033520848	0.5530193251010507741161639125
0.72582301452362269206691685336	0.5521114019693330113755420817
0.72545615139629986266849152912	0.5511900875099679416679620433
0.72508063031343785655629301891	0.5502553284962819159094923113
0.72469639509809674458764728392	0.5493070742982619447210923546
0.72430339081221219560150771137	0.5483452769205284779297903958
0.72390156377403591522910075676	0.54736989103894871525471485
0.72349086157504258856706258043	0.5463808740365821867910620607
0.72307123309629900927347283237	0.5453781860386738908466788126
0.72264262852429142237368232915	0.54436178994553276917437625
0.72220499936620744853957322688	0.5433316514657502458255702143
0.72175829846466929237879805433	0.5422877391474049538336254123
0.72130248001191527196788668205	0.5412300244078531086600256281
0.72083749956342703412276918868	0.5401584815630113593749209761
0.72036331405100014228428698278	0.539073087855039501136321365
0.7198798817952560475817797098	0.5379738234786508123647593261
0.71938716251759376593515882895	0.5368606716065480416742993148
0.71888511735157989979277452789	0.5357336184132960651252908071
0.71837370885377594571955881984	0.5345926530976473603752419045
0.71785290101400213875746102091	0.5334377679041446768737543038
0.71732265926503737806123856004	0.5322689581428663056107517388
0.71678295049175507685234654762	0.5310862222079647097356630673
0.71623374303969506849260898845	0.5298895615948567394334804805
0.7156750067230719885286827964	0.5286789809159179483916234423
0.71510671283222083286450032311	0.5274544879149832237983324365
0.71452883414048067101119647522	0.5262160934802310587979930472
0.71394134491051776605482462009	0.5249638116553515768894933027
0.71334422090008962212228065818	0.5236976596499338348656976014
0.71273743936725174345743090443	0.5224176578479810357609056799
0.71212097907500915064395981951	0.5211238298145797026571415825
0.71149482029541495302139693673	0.5198162023023866952818602937
0.71085894481311852786721177476	0.5184948052549318487426893861
0.71021333592836610293081465136	0.5171596718096680763669829064
0.70955797845945678014038570035	0.5158108382988690755583432938
0.70889285874465727483899594265	0.5144483442497727798110409277
0.70821796464357887756332758688	0.5130722323822171812984560493
0.70753328553802037181940124992	0.5116825486056118167677963747
0.70683881233228086466769192617	0.5102793420139340481762505155
0.70613453745294670417803012509	0.5088626648796287176551018326
0.70542045484815687078997357452	0.5074325726455444697347315757
0.70469655998635143816077385561	0.5059891239156443427292810725
0.70396284985450790140930261007	0.5045323804444179935984273985
0.70321932295587036964973634798	0.5030624071244105692144090574
0.70246597930717681630932937947	0.5015792719725171168254347821
0.70170282043538975404688736254	0.5000830461147940338848524275
0.70092984937393591623774558177	0.4985738037697696882765765031
0.70014707065846066751276878707	0.4970516222303487855857931238
0.69935449032210306168920961353	0.4955165818443046555460445733
0.69855211589029763836483515593	0.4939687659932282876094580224
0.69773995637510919121631910675	0.4924082610702371867942096045
0.69691802226910692014206979376	0.4908351564561818734744174082
0.69608632553878451809956157564	0.4892495444945036473882650791
0.6952448796175329042360091418	0.4876515204649010028068147643
0.69439369939817244318244239509	0.4860411825550701318401745629
0.6935328012250516415768658763	0.4844186318322460939477634037
0.69266220288571943577266164091	0.4827839722119792697825748329
0.6917819236021783169583538944	0.4811373104268412244681634881
0.69089198402172565987298210858	0.479478755993541402496164471
0.68999240620739074326799059824	0.4778084211784521339432937272
0.68908321362797504202817476569	0.476126420961921172385315287
0.68816443114770351939581733498	0.4744328730022131352902533679
0.68723608501549469497315475989	0.4727278975972454016658317847
0.68629820285385740383459865885	0.4710116176460924466947872774
0.68535081364742223139402324414	0.4692841586084466596667177084
0.68439394773111569795371962702	0.4675456484635322490696825891
0.68342763677798535162379472825	0.4657962176683156409749995349
0.68245191378668399706886810971	0.4640359991138535869779986602
0.68146681306862136378446358446	0.4622651280815640117318755408
0.68047237023479157373463516897	0.4604837421971603676725480137
0.67946862218228484166901471285	0.4586919813854567537648870513
0.67845560708049187889895479832	0.4568899878228258875053214537
0.67743336435700953480439699981	0.4550779058893778094002234309
0.67640193468325624672891078206	0.4532558821199999687547731441
0.67536135995980591117107341504	0.4514240651552243695032932326
0.67431168330144882185484780617	0.4495826056904054890988168273
0.67325294902198835145329410751	0.4477316564248690600981272226
0.67218520261878207502278040314	0.445871372010093214004750362
0.67110849075703605481747545244	0.4440019089968506622031947901
0.67002286125386102035538550591	0.4421234257827790286599449265
0.66892836306209918556406076839	0.4402360825578979768500719755
0.6678250462539304493615597688	0.4383400412505537400065810565
0.66671296200426673154760169868	0.4364354654727082000717292599
0.66559216257394318090101560731	0.434522520464222447417735553
0.66446270129271499220704560334	0.432601373037355448107657238
0.66332463254206855201317595603	0.4306721915201497607984092001
0.66217801173785561143457689741	0.4287351456998231392103044111
0.66102289531275916509732636024	0.4267904067662829831011907048
0.65985934069859968870778370289	0.4248381472533074534924244569
0.6586874063084903490368872711	0.422878540982731042007434678
0.65750715151884977460757570616	0.4209117630046572074754076157
0.65631863665128092479747901926	0.4189379895409614903307919738
0.6551219229543245594279479126	0.4169573979257033374957474323
0.65391707258509575593168359178	0.4149701665468256557003879088
0.65270414859081187195813507124	0.4129764747883903026837532104
0.65148321489022029748100447495	0.4109765029704313065839600882
0.65025433625493427291649963275	0.4089704322915182592831700043
0.6490175782906849936991270157	0.4069584447689999577879169259
0.64777300741849815327647741413	0.4049407231808336935458121565
0.64652069085580299640801280802	0.4029174510063808842628348224
0.64526069659748189651316690642	0.4008888123680857309670218444
0.64399309339686837678107912818	0.3988549919726354576761090096
0.64271795074670142627149015389	0.3968161750529427508009800503
0.64143533886004386523502366812	0.3947725473094791674857649022
0.64014532865117244485503534688	0.3927242948526964392054444342
0.63884799171644725387404667156	0.3906716041447585842448459832
0.63754340031516793131169237877	0.3886146619423489081812918654
0.63623162735042407338116852286	0.3865536552395287486735974184
0.63491274634994713795652876052	0.3844887712105329295307661895
0.63358683144697103351800886133	0.3824201971533712450783395052
0.632253957361108489584140935	0.3803481204338302543413389978
0.63091419937925018920699707397	0.3782727284294475960613499789
0.62956763333649354318028083105	0.3761942084744048470561767881
0.62821433559710786846224847504	0.3741127478045790402056829019
0.6268543830355426258869196252	0.3720285335032477838282426527
0.62548785301748525434700256258	0.3699417524471798072880631143
0.62411482338097502300757779498	0.3678525912533486845979021214
0.62273537241757920552270866181	0.3657612362261251996263236149
0.62134957885363775823948369749	0.3636678733054262589323644478
0.61995752183158256472454509436	0.3615726880147067548378573563
0.61855928089133718561069736164	0.359475865410081423091302733
0.6171549359518029259913879177	0.3573775900305648745375271716
0.61574456729243691161468110036	0.3552780458476270849720020112
0.61432825553492773462028699489	0.3531774162171181203760167697
0.61290608162497409785325138678	0.351075883830399909709837955
0.61147812681417177143321334248	0.3489736306670952666939651196
0.61004447264201403095765960091	0.3468708379483863625059349565
0.60860520091801062212656008768	0.3447676860908540696465913446
0.60716039370393016797372308222	0.3426643546614205984165878636
0.60571013329617079946449817093	0.340561022332619882375199098
0.60425450220826365923447392179	0.338457866839383057513445392
0.60279358315351379617956454741	0.3363550649358604495974108982
0.60132745902778283893187205951	0.3342527923535132969962066835
0.59985621289241768983829879408	0.3321512237600177855032376123
0.59837992795732937333576444802	0.3300505327188226592760978547
0.59689868756422601018248436025	0.3279508916498998084825279365
0.5954125751700037808213419864	0.3258524717909438515358877679
0.59392167433029958944134630742	0.3237554431598238443922532103
0.59242606868320902498412898049	0.3216599745176935951571962838
0.59092584193317306433936267549	0.3195662333331625159188837928
0.5894210778350368492314242102	0.3174743857471367994148626472
0.58791186017828372773197996771	0.3153845965388421476575465483
0.58639827277144761473355032608	0.3132970290925107401196379048
0.58488039942670661511685034178	0.3112118453652750666939955159
0.58335832394466069721376346635	0.3091292058555879548475088222
0.581832130099296103870371796	0.3070492695729937551089737957
0.58030190162313903559536159533	0.3049721940085306288785383136
0.57876772219260103154588053252	0.3028981351061570325199563205
0.57722967541351834385776323939	0.3008272472351418036900998902
0.57568784480688744926631726293	0.2987596831633472603889843411
0.57414231379479880134516066882	0.2966955940314361120102650424
0.57259316568657066465742434183	0.2946351293280491395748589066
0.57104048366508490896919964105	0.2925784368659181286169901237
0.56948435077332635807955374136	0.2905256627587852852146386034
0.56792484990112741798619849056	0.2884769513994953615509777092
0.56636206377211919042310989983	0.2864324454387416677478545037
0.56479607493089056233013128043	0.2843922857648948181734760806
0.56322696573035656784560631259	0.2823566114847461350095217784
0.5616548183193368407259713894	0.2803255599050634181240225829
0.56007971463034552534540629778	0.2782992665151896028589242937
0.55850173636759306183229818114	0.2762778649703723407753831167
0.55692096499520112477083628208	0.2742614870762471819989210553
0.55533748172563102283479199474	0.2722502627739066827084100568
0.5537513675083262650077035095	0.2702443201260680828941061537
0.55216270301856973261068669652	0.2682437853040652623059440731
0.5505715686465558127521505562	0.2662487825756634238594976129
0.54897804448667775947324412866	0.2642594342937847919692759368
0.54738221032703044484142302235	0.2622758608860801994589812253
0.54578414563912855087621293049	0.2602981808452959884587642958
0.54418392956784022999686461088	0.2583265107205822555476317757
0.54258164092153603796334007061	0.2563609651094965304374193942
0.54097735816245310793297220304	0.2544016566509464632937248467
0.53937115939727350085976109121	0.252448696018713028090894854
0.53776312236791852580104027808	0.2505021919162659800446783966
0.53615332444255502944169887174	0.2485622510716538923069701426
0.53454184260681656263614567027	0.2466289782338357669648204444
0.532928753455236891014057975	0.2447024761692592739821345917
0.53131413318289503349994772457	0.2427828456596253146708411826
0.52969805757727327818028281505	0.2408701855000640653870383767
0.52808060201032339125823605531	0.2389645924980028443109522676
0.52646184143074410378020908329	0.2370661614734040807681688645
0.52484185035646638168905813361	0.2351749852584740406232441699
0.52322070286734637166055599026	0.2332911546995044512796824884
0.52159847259806466412747624573	0.2314147586582441372093572715
0.51997523273123028052052972594	0.2295458840144743161629558941
0.51835105599068963252526505568	0.2276846156691646933583859746
0.51672601463503735054272744185	0.2258310365482392020409436396
0.51510018045132691630804595452	0.2239852276068932980591867304
0.51347362474898492939636202549	0.222147267834754752143626345
0.51184641835391902485513777865	0.2203172342611990286326797121
0.5102186316028259647777897469	0.2184952019618837585163662837
0.50859033433769312892594601302	0.2166812440653004816147902847
0.50696159590049454837486263078	0.2148754317600841260555142101
0.50533248512807771221041292663	0.2130778343029563289219838245
0.50370307034724175045924637561	0.2112885190270807852911399212
0.50207341937000273204484157122	0.2095075513509935618271688418
0.50044359948904643708969187452	0.2077349947879751721390748607
0.49881367747336555804626957478	0.205970910956048239348885537
0.49718371956407938210135270956	0.2042153595882926217342189478
0.49555379147043448045868320818	0.2024683985436555081886604887
0.49392395836598526339843347172	0.2007300838183976853472340002
0.49229428488494897728660709862	0.1990004695576842711246074127
0.49066483511873973757935780047	0.1972796080678131715916960699
0.48903567261267084411585246741	0.1955675498287571146682429222
0.48740686036283113175546686037	0.1938643435071426553977913208
0.48577846081312875216413780429	0.1921700359696149324786752003
0.48415053585250176501877644193	0.1904846722965149107168561083
0.48252314681229311569369304389	0.1888082957959802565557700521
0.48089635446378799809799596417	0.1871409480183502033844113909
0.47927021901591117628556920113	0.1854826687709428732718700154
0.47764480011308228669465016097	0.1838334961330416821178065355
0.47602015683322672056960515662	0.1821934664713859291177467718
0.4743963476859401192595984267	0.1805626144557441397648866646
0.4727734306108037960202247405	0.1789409730748797578937430697
0.47115146297584937971398748749	0.1773285736527672689410367328
0.46953050157617012454114783311	0.1757254458650596723910073043
0.46791060263267549502566822484	0.1741316177558501603632637109
0.46629182179099062147475896011	0.1725471157543258380710250066
0.46467421412049245227634163789	0.1709719646925087254085557719
0.46305783411348505001217414124	0.1694061878220941024492886544
0.46144273568450986791137886399	0.1678498068320943170581205564
0.45982897216978926553657359356	0.1663028418668450103242763124
0.45821659632679960155733451844	0.1647653115437597555723638638
0.45660566033397417404604116217	0.1632372329713256596997724854
0.45499621579053069236578376721	0.1617186217675327551236383209
0.45338831371642335122674547948	0.1602094920782557251151733173
0.45178200455241598951512738997	0.1587098565954193625236338043
0.45017733816027454351510152165	0.1572197265761847816733293851
0.44857436382307619157816914024	0.1557391118611320984460354236
0.44697313024563298102870214741	0.1542680208934730025887346333
0.44537368555502803036633542201	0.152806460738055984572516242
0.44377607730126125689753751686	0.1513544370998173062189543931
0.44218035245800319009341027869	0.1499119543436229205890106187
0.44058655742345424284152310712	0.1484790155128093856506164314
0.43899473802130706453113628856	0.1470556223487561939073605631
0.43740493950180999034316486142	0.1456417753099341511375515069
0.43581720654292931799103595224	0.1442374735912467232693079328
0.43423158325160801185265225758	0.1428427151434067820489647597
0.432648113165119066920248308	0.1414574966922237987411494965
0.43106683925251073152067069212	0.140081813757845854195482532
0.42948780391614214544681053295	0.1387156606742858552163178809
0.4279110489933065274878269876	0.1373590306086197238245457547
0.42633661575794037445398305119	0.1360119155803334862971024698
0.42476454492241615353765292466	0.1346743064808076413516779965
0.42319487663941672354566605933	0.1333461930923365974381421223
0.4216276505038885879820668658	0.1320275641075017391071160717
0.42006290555507394839035741686	0.1307184071484804173835532629
0.41850068027861641995585292625	0.1294187087860225249200901033
0.41694101260874037094785986088	0.1281284545587480876458718583
0.41538393993050308702413013465	0.1268476289920036915488792273
0.41382949908211557443698309583	0.1255762156170738106800601871
0.41227772635732830642528557139	0.1243141969899231095934947743
0.41072865750788595609418388523	0.1230615547100488672391058895
0.40918232774604339990962608587	0.1218182694393509231197543535
0.40763877174714431440597925401	0.1205843209207165335395876678
0.40609802365225856241557833232	0.1193596879966082341125438766
0.40456011707087809116025438732	0.1181443486275731202223257443
0.40302508508366852287398557415	0.1169382799105910042887170019
0.40149296024527489427815973119	0.1157414580973534083535284099
0.39996377458717981062577276889	0.1145538586124296099022419761
0.39843755962061214124297455649	0.1133754560713352739718897977
0.39691434633950454913001491855	0.1122062242983891887878257761
0.39539416522349812621169649048	0.1110461363445728122208748323
0.39387704624099236197759502193	0.1098951645051942604125916759
0.39236301885223901435556582956	0.1087532803374399776991175535
0.39085211201247773473935928593	0.107620454677715723788213873
0.38934435417511237557332755092	0.1064966576590072865437749626
0.38783977329492595400719936357	0.1053818587279341336579029283
0.38633839683133288905554255073	0.1042760266618000965041102397
0.38484025175166694037450182577	0.1031791295853805837625697441
0.38334536453450311970901294176	0.1020911349875928342455774575
0.38185376117301241721792641522	0.1010120097381149848803598795
0.38036546717834743961386065396	0.099941720103658557662631469
0.37888050758305767630424513316	0.0988802317642628316406759583
0.37739890694453331601178655364	0.0978275098293254630640930199
0.37592068934847530385807624993	0.0967835188535331513280773017
0.37444587841239128101972733297	0.0957482228525107741935518983
0.37297449728911514831506965643	0.0947215853185775676775330567
0.37150656867034956154766405	0.0937035692358781056161268401
0.37004211479022959118802071159	0.0926941370958613696070187366
0.36858115742890652764093387472	0.0916932509122071710725378959
0.36712371791615042208850390083	0.0907008722357839549064596921
0.36566981713497010251090509158	0.0897169621693083315553688618
0.36421947552524941115516433242	0.0887414813819711940294014278
0.36277271308739873129296605944	0.0877743901237278300500269455
0.36132954938602005494818019565	0.0868156482395265489445261324
0.35989000355358530272584305922	0.0858652151832845828708694843
0.35845409429412540592156889266	0.0849230500318442089060321155
0.35702183988693084125115574897	0.0839891114984561510799032291
0.35559325819026072909748212273	0.0830633579463776263737655498
0.35416836664506071588824964886	0.082145747402260786833797301
0.35274718227868796047936597857	0.0812362375690018744213214788
0.35132972170864226521355331947	0.0803347858389349603371084551
0.34991600114630279283057567247	0.0794413493064785667941607113
0.34850603640066846219024356639	0.0785558847807520242379004286
0.34709984288210216981742945454	0.0776783487979441598317343607
0.34569743560607722631277891835	0.0768086976336239229027009222
0.34429882919692491831121115139	0.0759468873146538575650638861
0.34290403789158307382851759797	0.0750928736310708990456881005
0.34151307554334381144107528424	0.0742466121479243735078134301
0.34012595562560077305642462887	0.0734080582165453869508082979
0.33874269123559336193465833778	0.0725771669860447964585792019
0.33736329509814930368112612124	0.0717538934143794161874203599
0.33598777956942251970936708598	0.0709381922793429478659715801
0.33461615664062711553601654238	0.0701300181892915406085317796
0.33324843794176630262493574308	0.0693293255939046440249236512
0.33188463474535508601088458964	0.0685360687944395084995752386
0.33052475797013654333004069513	0.0677502019541507233242492781
0.32916881818479073867847170573	0.0669716791082098862485446197
0.3278168256116358011138850031	0.0662004541738033411383827718
0.3264687901303198958063492859	0.0654364809597018063073294313
0.32512472128150445414574782662	0.064679713175982886119495784
0.3237846282705371020344892659	0.0639301044433092823475143049
0.32244851997111426151348809077	0.063187608302161831709385329
0.32111640492893256504507856891	0.0624521782220028444125338506
0.31978829136532847824061854707	0.0617237676100192960686318292
0.31846418718090588841482718934	0.0610023298200285611396699619
0.31714409995915071451163181649	0.0602878181608512633913844075
0.3158280369700323374949566637	0.0595801859048110129071792418
0.31451600517359115559440600299	0.0588793862959525737260591906
0.31320801122351174345850216916	0.0581853725581146692524336145
0.31190406147068150105221152356	0.0574980979028250386541514454
0.31060416196673382243518157248	0.0568175155370509771421541322
0.3093083184675755917189092869	0.0561435786708401164118708119
0.30801653643689869057875759631	0.0554762405246872821464051095
0.30672882104967490328010630832	0.0548154543368778430655897711
0.30544517719563382997020132929	0.0541611733706058838303851594
0.30416560948272375180279179281	0.0535133509209069615314372386
0.30289012224055437802616326397	0.0528719403215507394172914358
0.30161871952382192307972104818	0.0522368949517285312279539087
0.3003514051157157472338373748	0.0516081682424736687020701049
0.29908818253130594879999638018	0.0509857136832411028818587028
0.29782905502091242818375353902	0.0503694848279691568267733632
0.29657402557345413242766973427	0.0497594353012331528673927782
0.29532309691977901628103308764	0.0491555188043093076365684984
0.29407627153597386690869432155	0.0485576891208581014110945425
0.29283355164665412720145955203	0.0479659001226269040271475723
0.29159493922823300214009048247	0.0473801057751416714277322386
0.29036043601217028340189692928	0.0468002601428742966706144127
0.28913004348819971678167460434	0.0462263173948060262888464629
0.2879037629075357819638695089	0.0456582318093035303796490271
0.28668159528605885631361786861	0.045095957779328652452306414
0.28546354140747860898894095564	0.0445394498172507959395630606
0.28424960182647618818932861318	0.0439886625595900673390871285
0.28303977687182386822344236748	0.0434435507717380182753280744
0.28183406664948321978358252605	0.0429040693523891650148271599
0.28063247104568044190616738104	0.0423701733379793779903351648
0.27943498972995938509020508616	0.0418418179069585706419005736
0.27824162215821310041351919488	0.0413189583839396020324815939
0.27705236757569079269337771543	0.0408015502437375162969510996
0.2758672250199833472985079639	0.0402895491152732568804647275
0.27468619332398571979248868421	0.0397829107854249058554416173
0.27350927111883634786227942976	0.0392815912027319187939183583
0.27233645683683274151165414898	0.0387855464809363817181798124
0.27116774871432486047575447476	0.0382947329024987935433348216
0.27000314479458467474259343089	0.0378091069219521215699130101
0.26884264293065226100166204081	0.0373286251691876774161059939
0.2676862407881589596244522518	0.0368532444526243545583382826
0.26653393584812662195319411027	0.0363829217622691295680086563
0.26538572540974357142635696009	0.0359176142726433086866691549
0.26424160659311679507964759245	0.0354572793457177933302819551
0.26310157634200075140748395642	0.0350018745336109563212885927
0.26196563142650236282477435526	0.0345513575812873748073367849
0.26083376844576262112448893386	0.0341056864291655508208213522
0.25970598383061393076087109135	0.0336648192155296209723743992
0.25858227384621479669480980235	0.0332287142790001431552055888
0.25746263459465965051005599621	0.032797330160789825466861088
0.25634706201756583656513021348	0.0323706256069324617440233335
0.25523555189863647784591499644	0.0319485595704037828777337285
0.25412809986620023199854453835	0.0315310912131896473823841017
0.25302470139572656446994733724	0.0311181799082175927504338802
0.25192535181231813349799537581	0.0307097852412520259748620455
0.25083004629317931869639481262	0.030305867012690472957368687
0.24973877987006112938034704166	0.0299063852392642167947794945
0.24865154743168285398367506266	0.0295113001557190252279690522
0.24756834372612991211239317182	0.0291205722163331881023246186
0.24648916336322870058207511468	0.0287341620964392679563869718
0.24541400081689749376726077667	0.0283520306938315943577584802
0.24434285042747485004757966827	0.0279741391300913327865072755
0.24327570640402379098208794955	0.0276004487518881041068478687
0.24221256282661406433761736077	0.0272309211321954023211102516
0.24115341364857985938992986002	0.0268655180713286669324884035
0.24009825269875565411825070189	0.0265042015981809855727064743
0.23904707368368854593347965959	0.0261469339710848205580172099
0.23799987018982786471524324551	0.0257936776787865167530700197
0.23695663568569201678757872117	0.0254443954413544477105046007
0.23591736352401246911970777132	0.0250990502109799765689716297
0.23488204694385559358847547457	0.0247576051727257157489697103
0.23385067907272122490737849864	0.024420023745219903001937179
0.23282325292861961106907999793	0.0240862695812805338711429721
0.23179976142212551028159069343	0.0237563065685470507191221094
0.23078019735841032278715360381	0.0234300988299443932453399397
0.22976455343925202332954314767	0.0231076107241916441309420996
0.22875282226502321554447060808	0.0227888068462005216013874091
0.22774499633665711572165032705	0.0224736520274576462662968839
0.22674106805759201324911518377	0.0221621113363529383529743441
0.22574102973569380087889416835	0.0218541500783685304655225627
0.22474487358515712603771003005	0.0215497337964331357081947569
0.22375259172838517848507246328	0.0212488282709289841447545343
0.22276417619784814090143123414	0.0209513995199639355436286985
0.2217796189379202018476482223	0.0206574137993514070065516577
0.2207989118066961033594484971	0.0203668376027010065147637294
0.21982204657778592038105400804	0.0200796376613359398946669123
0.21884901494209024240813860256	0.019795780944344596214456857
0.21787980850955324041522292937	0.0195152346584194675712966645
0.2169144188108967630316922699	0.0192379662477105717465475751
0.21595283729933261334965680545	0.0189639433937117979752022945
0.21499505535225514409967441651	0.0186931340150108134841246148
0.21404106427291449445175269612	0.0184255062670457848913869407
0.21309085529206850052033175855	0.0181610285418324539976877767
0.21214441956961554555584873522	0.0178996694676452414402826755
0.21120174819620756829356687203	0.0176413979086434224883229254
0.21026283219484338369416455029	0.0173861829645008392085194898
0.20932766252244286806203548046	0.0171339939699808890405838143
0.20839623007140146369898279497	0.0168848004944800662860187126
0.20746852567112585406229872403	0.0166385723415687954539168095
0.20654454008955042133813613059	0.0163952795484397465428913403
0.20562426403463497718011509324	0.0161548923853933666269622214
0.20470768815584388328700373591	0.0159173813552447553179578808
0.2037948030456062641724789556	0.0156827171927634611493030417
0.20288559924075819303280082598	0.0154508708639901354478962483
0.20198006722396623211548822436	0.0152218135656371694072212617
0.2010781974251334896726487482	0.0149955167243891908211991636
0.20017998022278659635915825632	0.0147719519961840107081882848
0.19928540594544617069097031071	0.0145510912655200587370738132
0.19839446487297844270798394054	0.0143329066446830917310617301
0.19750714723793016418114417566	0.0141173704729838365645465854
0.19662344322684575471868640266	0.0139044553159579967818499833
0.19574334298156713826412066493	0.0136941339645624402735809776
0.19486683660051682762491427161	0.0134863794343297489021395623
0.19399391413996373064191867951	0.0132811649645140099784830205
0.19312456561527236243010578338	0.0130784640172213500432826814
0.19225878100213536825335990459	0.0128782502765118524084403257
0.19139655023778947921424506103	0.0126804976474974452939311141
0.19053786322221527082473582957	0.0124851802554033886552541165
0.18968270981932060867837262995	0.0122922724446301257912979458
0.18883107985810810066188656758	0.0121017487777920464768138755
0.18798296313382646930242974013	0.0119135840347398038543210546
0.18713834940910658133796485612	0.0117277532115651748972321595
0.18629722841508132109447838992	0.0115442315196210790703515557
0.18545958985249075586147820468	0.0113629943844577060072842562
0.18462542339277096023602860099	0.0111840174448226238318743784
0.18379471867912855123962054508	0.0110072765516114268310707918
0.18296746532759988336035421088	0.0108327477668049253608382993
0.18214365292809532856425742499	0.0106604073624003149464767771
0.18132327104542872746169718231	0.0104902318193278985205794514
0.18050630922033275305430140424	0.010322197826384020273731142
0.17969275697045922741551110033	0.0101562822790792378209760521
0.178882603791365384012017199	0.0099924622785800250742198837
0.17807583915748604335382460344	0.009830715130549206710343235
0.17727245252309170218286286031	0.0096710183440702875446779382
0.17647243332323269582563574614	0.0095133496304207760890867702
0.17567577097466993916936691747	0.0093576869020117971112554689
0.17488245487679146524971571844	0.0092040082711917252035586523
0.17409247441251607295136214839	0.0090522920491007118052638742
0.17330581894918353623263386678	0.0089025167444910194037368895
0.17252247783943144588130358472	0.0087546610625522344213310797
0.17174244042205917879241776782	0.0086087039037635632901992493
0.17096569602287913727165259206	0.0084646243626699772757741646
0.17019223395555468478247727215	0.008322401726684407499595489
0.16942204352242593697758290733	0.0081820154749533101698617507
0.16865511401532303027281248793	0.0080434452770689000400593671
0.16789143471636710153971285448	0.0079066709919602140417928841
0.167130994898758225113963896	0.0077716726665929724988399862
0.16637378382755260301676167564	0.007638430534821315306327311
0.165619790760426783784540543158	0.0075069250161665753095357747
0.164869004948430455376643973247	0.0073771367145531119963320303
0.164121415636727354143176984321	0.007249046417140782562270792
0.163377012065324949170239409103	0.0071226350930712946452706487
0.162635783469792242404009238497	0.0069978838922545040865483841
0.161897719081966506443062576447	0.0068747741441386607492923329
0.161162808130648916134472943042	0.0067532873564830937444039992
0.160431039842288935291768419552	0.0066334052141291305860208656
0.159702403441657861039635451636	0.0065151095777680264176896086
0.158976888152511555268803303192	0.0063983824827112242324218008
0.158254483198242477406381490517	0.0062832061376621803703781205
0.157535177802521077141739313226	0.00616956292346926743096287
0.156818961189927212584494618034	0.0060574353919251722436766153
0.15610582258657029389718575298	0.0059468062644938927399833059
0.15539575122070016871132068775	0.0058376584311256906015065362
0.154688736323307505296311814934	0.0057299749489894470960924428
0.15398476712871426515231853534	0.0056237390412654925712092413
0.153283832875154286907736764	0.0055189340959001164741084452
0.152585922805344192646284838487	0.0054155436643958890217718217
0.15189102616704478839926630423	0.0053135514605879215022083679
0.151199132213612644285249332294	0.0052129413594022703764634776
0.150510230204542723851547303931	0.0051136973956484422659695949
0.149824309406001289728112426249	0.0050158037627975841566234962
0.149141359091350052291688872565	0.0049192448117649600304849819
0.148461368541660964728974378774	0.0048240050496959109375178448
0.1477843270462222035416733081	0.0047300691387547645411873799
0.147110223903035523328839690063	0.0046374218949136212560437377
0.146439048419304271194384601912	0.0045460482867499088224949233
0.145770789911913474091156873679	0.0044559334342407290330641568
0.145105437707901017503106315105	0.0043670626075719827964778969
0.144442981144920539152607838239	0.0042794212259028820959369141
0.143783409571695995046906371887	0.004192994856251885977519998
0.143126712348468033950476933812	0.0041077692122304135607271665
0.142472878847432232417672277396	0.0040237301528933504063621519
0.141821898453169459157555896774	0.0039408636815546414072802641
0.141173760563068075090159133148	0.0038591559446063921784967992
0.140528454587738797766857103506	0.0037785932303479910654917664
0.139885969951421265829706982118	0.0036991619678150770153087447
0.139246296092383533977704088987	0.0036208487256207759671549615
0.138609422463313834475437616074	0.0035436402107854532866332478
0.137975338531704705133167582478	0.0034675232675937871205814293
0.137344033780230432691894083935	0.0033924848764334561177336282
0.136715497707116626525448123984	0.00331851215265968031019795
0.136089719826502951049025429179	0.0032455923454426798477932122
0.135466689668799070386162914332	0.0031737128366418174234913037
0.134846396781032798948006241096	0.0031028611396698670163224377
0.134228830727192582382456603868	0.0030330248983685457639881183
0.133613981088562330204517228229	0.0029641918858895027634366867
0.133001837464049924941449129678	0.0028963500035711548212216215
0.132392389470509020528782526707	0.0028294872798469866505267253
0.131785626743054415400241356221	0.0027635918691184809474858946
0.131181538935371121130023363432	0.0026986520506716430734709487
0.130580115720016764797161461818	0.0026346562275809275852467023
0.129981346788718119986137296232	0.0025715929256181630405480518
0.129385221852661240357455800124	0.0025094507921716342981497348
0.128791730642775682653640917249	0.0024482185951753430032178951
0.128200862910012456219849043685	0.002387885222028858464130662
0.127612608425616431189328093442	0.0023284396785408358441220953
0.127026956981392637107342789409	0.0022698710878674818786887436
0.126443898389966873215447853395	0.0022121686894595922278587125
0.125863422485040636766696956863	0.0021553218380163670064120132
0.125285519121640574582157420762	0.0020993200024445106234536311
0.124710178176362194628480992129	0.0020441527648253111320526361
0.124137389547608238479811874426	0.0019898098193811619451179451
0.123567143155821607995778141048	0.001936280971459962083762933
0.122999428943713281966702822289	0.0018835561365134453779461118
0.122434236876484657787986036469	0.0018316253390906820222479448
0.121871556942044709044094381056	0.0017804787118320403646908295
0.121311379151222505152940686445	0.0017301064944730090911701763
0.120753693537974200716829737849	0.0016804990328524078705202617
0.120198490159585390759045531118	0.0016316467779275523811368198
0.119645759096868608500438234778	0.0015835402847955899640965555
0.1190954904543556845804535835	0.0015361702117213140273032827
0.11854767436048590188542433547	0.0014895273191713979906286079
0.118002300967788898344652609956	0.0014436024688537597589905164
0.117459360453063651951637818019	0.0013983866227663589370385062
0.116918843017552091790223790212	0.0013538708422486557420917137
0.116380738887108993125489572547	0.0013100462870420579057582993
0.115845038312367043192871592961	0.0012669042143555219795368654
0.115311731568897728478406886491	0.0012244359779348447742713703
0.114780808957367840504290850355	0.0011826330271596950491238507
0.114252260803691794342120048013	0.0011414869060930285440496907
0.113726077459179873371408347958	0.0011009892526054648311457282
0.113202249300682280304433704226	0.0010611317974605084072726039
0.112680766730729179898765751999	0.0010219063634226866544234696
0.112161620177666734211387767086	0.000983304864363950129924377
0.11164480009578926960374485378	0.0009453193043813020136337797
0.111130296965467597230766705602	0.0009079417769282679436415014
0.110618101293273390042990296118	0.000871164463940915352310733
0.110108203612099992755848237375	0.0008349796349662457067855694
0.10960059448127939337048821518	0.0007993796463190453883641701
0.109095264486695726805871500247	0.0007643569402232566530997908
0.108592204240894930629831002486	0.0007299040439704888150728799
0.108091404383191081982018355125	0.0006960135690809794933640064
0.107592855579769295612445578795	0.0006626782104732053510028497
0.107096548523784989026304994412	0.0006298907456409809067478029
0.106602473935459881075183852684	0.0005976440338284670532031058
0.106110622562174850148362346656	0.0005659310152258160938276812
0.105620985178559069510322794304	0.0005347447101582393526023795
0.105133552586576408847179821976	0.0005040782182878771108787389
0.104648315615608415614158875082	0.0004739247178191691539203949
0.104165265122534153234770307507	0.000444277464714322927216139
0.103684391991807095449949030214	0.0004151297919092092494005187
0.103205687135528853827537774022	0.0003864751085423774422796503
0.102729141493520049867083041318	0.000358306899184896180508311
0.102254746033388186689502992103	0.000330618723071809586231881
0.10178249175059261753766523763	0.0003034042133627272243213357
0.101312369668506720963627009122	0.0002766570763746970930520252
0.100844370838477252086912623411	0.000250371090844285339350308
0.100378486339880943111841681309	0.0002245401071958685061293608
0.099914707280178389996266194525	0.0001991580467997146725551421
0.099453024794965275581322613115	0.0001742189012556958558816214
0.098993430048020976282073664296	0.0001497167316678227938546412
0.098535914231354558288804328802	0.0001256456679349207745226554
0.098080468565248324906330809567	0.0001019999080322649631077362
0.097627084298298714592502844986	0.0000787737173330608782543015
0.097175752707454742548604982709	0.0000559614278875167330226891
0.09672646509805425784414828479	0.000033557437748365380047507
0.09627921280385770130242065515	0.000011556210280699095298286
0.095833987187079222155362579665	-0.0000100477265118488904459915
0.095390779638415959447041686545	-0.0000312597806648766991337735
0.094949581577074699361299810792	-0.0000520852969131189341454882
0.094510384450796660697625870311	-0.0000725295573541479464239992
0.094073179735879681423600678262	-0.0000925977821080070479676451
0.093637958937198450010414061002	-0.0001122951299556864653639161
0.093204713588222807814257325526	-0.0001316266989908841384393093
0.092773435251033635929754117799	-0.0001505975272609601233941601
0.092344115516336761589136073871	-0.0001692125933840983109604186
0.091916746003475055120946222683	-0.0001874768171961366982577478
0.091491318360438371927188399433	-0.0002053950603542263633774376
0.091067824263871643902043465512	-0.0002229721269639560314508379
0.090646255419080867836330033625	-0.0002402127641824086926124416
0.0902266035600374453004968985	-0.0002571216628299338213125847
0.089808860449380644196314308963	-0.0002737034579819632355084642
0.089393017878418036451380816757	-0.0002899627295648299275207863
0.088979067667124367230162802414	-0.000305904002953982139139815
0.088567001664138661312981610645	-0.0003215317495354939711107086
0.088156811746759414136552616618	-0.0003368503873128322038737231
0.087748489820938296216226217123	-0.0003518642814499368870345774
0.087342027821272108611074609553	-0.0003665777448632920156441171
0.086937417710993194233360114086	-0.0003809950387682099793976273
0.086534651481957971292416748469	-0.0003951203732427372315438841
0.086133721154634292026558744589	-0.0004089579077804196939232851
0.085734618778086926442824546164	-0.0004225117518306263980940661
0.085337336429961697306986080705	-0.0004357859653484763379792415
0.084941866216468046086439771615	-0.0004487845593272956727195911
0.084548200272360200850816920306	-0.0004615114963274519361415194
0.084156330760916826552901586651	-0.0004739706910119051090226802
0.083766249873919342557739050285	-0.0004861660106606795517810733
0.083377949831628785666453961706	-0.0004981012756907734022086589
0.082991422882761369867609294065	-0.00050978026016369353427025
0.082606661304462671740717610658	-0.00052120669230196547544973
0.082223657402280524987109065767	-0.000532384254983976475916403
0.081842403510136625212467315273	-0.0005433165862440008299496082
0.0814628919902968755091359093	-0.0005540072797664568519518448
0.081085115233340491731105302793	-0.0005644598853722818504525926
0.080709065658127906393581951769	-0.0005746779095036612469175025
0.080334735711767457144090754951	-0.0005846648157049572375837971
0.079962117869580925912323608309	-0.0005944240250914769357345305
0.079591204635067975479103365978	-0.0006039589168267009030841432
0.079221988539869349083292426265	-0.0006132728285840819501435474
0.078854462143729089622969095693	-0.0006223690570046534983303502
0.078488618034455621703654000155	-0.0006312508581638467241420984
0.078124448827881798516503565241	-0.0006399214480101821192143163
0.077761947167823856001329220171	-0.0006483840028241125901968859
0.077401105726039442286698341218	-0.0006566416596538710196612976
0.077041917202184672089944579149	-0.0006646975167600102873749614
0.076684374323770014503173380151	-0.0006725546340466712756621895
0.076328469846115343068112164671	-0.0006802160334922219392950379
0.075974196552304244283579476778	-0.0006876846995789262319546767
0.075621547253137067230506737011	-0.0006949635797107333693367576
0.075270514787083288880690287224	-0.0007020555846332140394519183
0.074921092020232971500816703008	-0.0007089635888488550711777703
0.074573271846247305493020230478	-0.0007156904310228134421711352
0.074227047186308343895104760518	-0.0007222389143943543752083122
0.073882410989068000694499138211	-0.000728611807173404552686971
0.07353935623059604411021330091	-0.0007348118429393845111653866
0.073197875914327506294140214167	-0.0007408417210381688642585364
0.072857963071009192942238676901	-0.0007467041069682708054378468
0.072519610758645498312816268444	-0.0007524016327695806379530126
0.072182812062443466169675175117	-0.000757936897400488952997684
0.071847560094757132225809864052	-0.0007633124671211663594367176
0.071513847995031163278866213116	-0.0007685308758720167749810974
0.071181668929743808292030078759	-0.0007735946256304628276294079
0.070851016092349168933385251275	-0.000778506186792759390168494
0.070521882703218867659049976703	-0.0007832679985269055099518796
0.070194262009582933613243663047	-0.000787882469140460892647673
0.069868147285470273040896642224	-0.0007923519764302101603161956
0.069543531831648266098809135832	-0.0007966788680353870060581335
0.069220408975562176493102195609	-0.0008008654617921023351737499
0.068898772071273345566616526035	-0.0008049140460722974786778755
0.068578614499397513678255891285	-0.000808826880127122530011459
0.068259929667042109020583437038	-0.0008126061944277578869590356
0.067942711007743149309308195348	-0.0008162541909983808334056249
0.067626951981401679984694204299	-0.0008197730437437315743454236
0.067312646074219592054018740015	-0.0008231648987885131974804755
0.066999786798634995493164118853	-0.0008264318747892929363138865
0.066688367693257091908436090527	-0.0008295760632635764609211421
0.066378382322800590828847913269	-0.000832599528905521095720898
0.066069824278019614845204485861	-0.0008355043098995075200777813
0.065762687175641219887098074725	-0.0008382924182358704758567333
0.065456964658298434171444942841	-0.0008409658400137447572027805
0.065152650394462882386978669734	-0.000843526535751386925000338
0.064849738078377017431217050952	-0.0008459764406849801727304653
0.064548221429985913548668090776	-0.0008483174650676852961197092
0.064248094194868650982401510325	-0.0008505514944679955300815661
0.063949350144169460449687858198	-0.0008526803900593272901799868
0.063651983074528275014041722602	-0.000854705988911668598206642
0.063355986808011193139049800358	-0.0008566301042777460058770007
0.063061355192040233946906027288	-0.0008584545258762159380920436
0.062768082099323171971470146693	-0.0008601810201739200168863494
0.062476161427782800472495989961	-0.0008618113306625246039791239
0.062185587100485850229102195437	-0.0008633471784160697686383412
0.061896353065571746815675819896	-0.0008647902609487859521964363
0.06160845329618097200361525064	-0.0008661422553144049283759245
0.061321881790383185515526779146	-0.0008674048155426533423865791
0.061036632571105105487821583496	-0.0008685795743167441700100727
0.060752699686057966226290726655	-0.0008696681429526843078831786
0.06047007720766491440224497075	-0.0008706721116552783118078957
0.060188759232988072231687003233	-0.0008715930497781966809798261
0.05990873988365531884326950922	-0.0008724325060688211124089828
0.059630013305786915124321074671	-0.0008731920089259608754981412
0.059352573669921861210144270223	-0.0008738730666426130338423763
0.059076415170944090435969543085	-0.0008744771676537293708250027
0.058801532028008383491729143028	-0.0008750057810282737889620861
0.058527918484466164026557024808	-0.0008754603554455437121989761
0.058255568807791050045542302588	-0.000875842321963264088701778
0.057984477289504274135091796088	-0.0008761530917199942319924469
0.057714638245099893621191608132	-0.0008763940574344805041888768
0.057446046013969854872968237439	-0.000876566593379464786528556
0.057178694959328899139827606698	-0.0008766720556115333770436799
0.05691257946813932036525800146	-0.000876711782194636614127692
0.056647693951035580580574669462	-0.000876687093422846182257418
0.056384032842248820727941706422	-0.0008765992920394118019785006
0.056121590599531109947841517361	-0.0008764496634565419055006004
0.055860361704079840594177115012	-0.0008762394759677610301850034
0.055600340660461737078111121924	-0.0008759699809638924231699122
0.055341521996536943344491486083	-0.0008756424131417360259645796
0.055083900263382888327413223856	-0.0008752579907129821123773905
0.054827470035218119593551137782	-0.0008748179156125527147925656
0.05457222590932611016437860706	-0.0008743233736989594436203129
0.0543181625059788237372130889	-0.0008737755349594278010882407
0.054065274468360391949706151235	-0.0008731755537078042907922123
0.053813556462490570991564969146	-0.0008725245687832032536973534
0.053563003177148252575734172316	-0.0008718237037449647286970868
0.053313609323794834269868921478	-0.0008710740670654035894493689
0.053065369636497588992296474432	-0.0008702767523236817517497609
0.05281827887185299507182082317	-0.0008694328383895801603917874
0.052572331808909963722183538986	-0.0008685433896168145066133629
0.052327523249093145244817499452	-0.0008676094560251852701362796
0.052083848016126088709162376888	-0.0008666320734838864659517198
0.051841300955954513992396635685	-0.0008656122638928648149043688
0.051599876936669380878966295905	-0.0008645510353619643005290924
0.051359570848430137959279714495	-0.0008634493823897414186091297
0.051120377603387888394849932949	-0.0008623082860355920480384087
0.050882292135608458939473306725	-0.0008611287140985318329557966
0.050645309400995682705263762678	-0.0008599116212818557093830393
0.050409424377214520478212473756	-0.0008586579493676079386696142
0.050174632063614168908316178308	-0.0008573686273862145519264666
0.049940927481151512547357609035	-0.0008560445717766720789669407
0.049708305672313967409827707613	-0.0008546866865558723076913544
0.049476761701043019072169864632	-0.0008532958634793348867050205
0.049246290652657542850376914673	-0.0008518729822019731535150234
0.049016887633776904389958352328	-0.0008504189104382234089513498
0.048788547772244473724324251088	-0.0008489345041177448658760548
0.048561266217050960270981865852	-0.0008474206075407063517869386
0.048335038138257925262217430129	-0.0008458780535360083848040489
0.048109858726921228956714495278	-0.0008443076636068142284136656
0.047885723195014668614420778596	-0.000842710248087556681762864
0.047662626775353508698860007215	-0.0008410866064567116108302825
0.047440564721518207570055644825	-0.0008394375266490192187100308
0.047219532307778182738274904568	-0.0008377637868717841803830614
0.046999524829015615364114285247	-0.0008360661540798705093363454
0.046780537600649352166417887543	-0.0008343453849530049520720143
0.04656256595855887997451327881	-0.0008326022258699733164348256
0.046345605259008384477281148428	-0.0008308374130459597088502249
0.046129650878570893988340933887	-0.000829051672674541499165069
0.045914698214052496457486248607	-0.0008272457210616589465955584
0.045700742682416671188998559952	-0.0008254202647609313891883285
0.045487779720708702587054614798	-0.0008235760007084558178593153
0.045275804785980189514623887432	-0.0008217136163522747401990579
0.045064813355213670002491449369	-0.0008198337897881025291103638
0.044854800925247479704163278039	-0.0008179371898829897811272602
0.044645763012699797623263720783	-0.0008160244764075105192821758
0.044437695153895144864962553414	-0.0008140963001596376354179494
0.044230592904787784263628733108	-0.0008121533030916903871403948
0.044024451840887907109125653729	-0.000810196118433251277096214
0.043819267557186473552032551418	-0.0008082253709550138570155168
0.043615035668080727945574090802	-0.000806241676383308138812903
0.043411751807299732892919612725	-0.0008042456429344352841506082
0.043209411627830005827337182269	-0.00080223787001799764391632
0.043008010801841258763554142649	-0.0008002189490623590632241671
0.04280754502061232627563253661	-0.0007981894634879998568224401
0.042608009994457197150407569614	-0.000796149988823967611992214
0.042409401452651181951933986597	-0.0007941010929522187545479628
0.042211715143357209714963961406	-0.0007920433355591604358532732
0.042014946833552315922497485023	-0.0007899772695697190968214238
0.041819092308954175962450321805	-0.0007879034399343745665066335
0.041624147373947833194501016249	-0.0007858223843985075099252253
0.041430107851512633744455526559	-0.0007837346334788083361489951
0.041236969583149202994132512242	-0.0007816407105698614147842661
0.041044728428806630060424886494	-0.0007795411321707185548705445
0.040853380266809793698867311654	-0.0007774364073735127018186362
0.040662920993786924680628727948	-0.0007753270392023682474292325
0.040473346524596897994655611597	-0.0007732135234781668122061965
0.040284652792257526738068288179	-0.0007710963495370082975382778
0.040096835747873179570425075703	-0.0007689760003270106041547113
0.039909891360562971703936372511	-0.0007668529519128911022944283
0.039723815617389038600432458834	-0.0007647276747579950088317378
0.03953860452328496275023838249	-0.0007626006326386796414439392
0.039354254100984373565925351621	-0.0007604722833279008685269026
0.039170760390949721208134046436	-0.0007583430786899808433405349
0.038988119451301212296546269196	-0.0007562134642049543301133571
0.03880632735774589921495177613	-0.0007540838801912710203899081
0.038625380203506977238349801299	-0.0007519547607698441064981948
0.038445274099253219719726497402	-0.0007498265345192589236967281
0.038266005173028603595345670258	-0.0007476996244486346880603251
0.038087569570182107121980398583	-0.0007455744480928671289628645
0.03790996345329768433084076962	-0.0007434514175939222397525202
0.037733183002124417093592031173	-0.000741330939792601289554487
0.037557224413507089204874755532	-0.0007392134163118273445151921
0.037382083901315731833391434881	-0.0007370992436430826184037224
0.03720775769637775762717002783	-0.0007349888132298206285880617
0.037034242046407876214686242447	-0.0007328825115508328777843232
0.036861533215939414388632665243	-0.0007307807202033255893052245
0.03668962748625550225474742127	-0.0007286838159842850456001293
0.03651852115532057131842304185	-0.0007265921709709224762828084
0.036348210537711940581872861282	-0.0007245061526011104120465899
0.036178691964551606237458621723	-0.0007224261237516972982386605
0.036009961783438257993958171789	-0.0007203524428178868212724056
0.035842016358379440362282971495	-0.0007182854637899257261054522
0.035674852069723938818858827838	-0.0007162255363304855826409507
0.0355084653140943389659551359	-0.0007141730058499484571918986
0.03534285250431976852181529999	-0.0007121282135817067020954593
0.035178010069368895763909005021	-0.000710091496657075437820367
0.035013934454283000077279803545	-0.0007080631881783979976268233
0.034850622120109363001239553619	-0.0007060436172919871657566659
0.034688069543834749799543263584	-0.0007040331092612932586937384
0.034526273218319195335461714584	-0.0007020319855361247016573996
0.034365229652229888008364481361	-0.0007000405638262168704810475