3.1391927483526164546388756949	22.067857851029733280409227385
2.60554464471811108780434154	11.444695825317157861686412346
2.2334164011545917696060837472	6.85125078184618591533622822
1.958085382277349302242201413	4.549920239968092412107241251
1.7452093825270144633689286134	3.26795419540986916143954764
1.57493550802763351814722255849	2.4948975795326488613070697451
1.43504641777994888598253870282	1.9995552216880964702378956612
1.31766517640530172129438872501	1.6668651088235804841430895507
1.21753298593831418496133504157	1.4350738960955857273998627695
1.13104613679670054208300190409	1.2689149602848895967452292004
1.05568546182543610296106598874	1.1471640124924687062014748211
0.98966003722180163153713504303	1.0564560914072565310439885569
0.93167327025167007522971879264	0.9880330844859493919149967963
0.88076215386231392487791577059	0.935949067060352892352651034
0.83618293168775302100199587171	0.896039565252001089493982011
0.79732878562752540363834942023	0.8653090873267013509875331032
0.76367190107292272557100034912	0.8415559647019455850133954858
0.73472550855261208439617827582	0.8231355359225831293167908598
0.71002251901775056666906928072	0.8088056227871542961313745906
0.68910720953269893312493814626	0.7976218427444967755512723664
0.67153599671265049438054616597	0.7888638202930894315058900634
0.6568832944717041824787750354	0.7819812726984756678889391592
0.64474900920516017009012254595	0.776553547397329294303604163
0.63476522560550849828537371972	0.7722587865705518341297217897
0.62660075323266299378001697939	0.76885030325008088439423349
0.61996314786252517188653443746	0.7661385096589277494309650213
0.61459844826624181467335475241	0.7639771563779135770998544739
0.61028917670090326586502684601	0.7622529093324457705846069598
0.60685122002958577063816666864	0.7608774877713800382761486739
0.60413013746874740591656264551	0.7597817476214346585188584965
0.60199731214545747653048170701	0.7589112297145571962576552086
0.6003462290908223629166621936	0.7582228042396066323472875682
0.59908904799085408534774672657	0.7576821327806512085272743318
0.59815355331055401217370395893	0.7572617397215244657018654219
0.5974805060607895627394164266	0.7569395385598695862535301471
0.59702138528169510347591629783	0.7566976990073291593680251535
0.59673648729756625127254544944	0.7565217706112991547804014484
0.59659334170232721954577810533	0.7564000005770814975024378115
0.59656540080146875551952134786	0.7563227995329999768275989991
0.59663096097871618247882034286	0.7562823207311002653965054789
0.59677227824716522742218529333	0.7562721267901270138078701628
0.59697484487147155581494780745	0.7562869244257753506872739972
0.59722679869090657482604919928	0.7563223523005853103086693072
0.59751844123991128934817761746	0.7563748106150810548320952104
0.59784184476575256270175970032	0.7564413236734327366743572648
0.59819053171770818924680443746	0.7565194286287777576143371035
0.59855921323407873747521803218	0.7566070851089883870497252216
0.59894357562325733623587451505	0.7567026015667747961953143027
0.59934010587955497001050268544	0.7568045750805518628237339129
0.59974594895368094263334800911	0.7569118420106620857611218875
0.6001587908693272304370941801	0.7570234374466463452742877422
0.60057676289318108479588807454	0.7571385617994343370313588282
0.60099836287111833998974988675	0.7572565532140103145703146189
0.60142239057672579288065513438	0.7573768647388122267220095562
0.60184789451175831036569366926	0.757499045393858674583324107
0.6022741280781540432518554344	0.7576227244401726779661276884
0.60270051342950551637068169867	0.757747598285549941806351596
0.60312661162407206973419316296	0.7578734195659321580081117902
0.60355209795582737400021542092	0.7579999880254815392423740008
0.60397674154622280604745842719	0.758127142888358300521283393
0.6044003884466319761464442928	0.7582547564672144202795324107
0.60482294763732722532356317278	0.7583827288020417970013199857
0.60524437941936360340602345172	0.7585109831569535387207489647
0.60566468578576778005597519915	0.7586394622328780052702801484
0.60608390243185798767739301711	0.758768124978834897111743679
0.60650209212450411781839993116	0.7588969439051704587159984876
0.60691933919921071530556724956	0.7590259028168373985081518265
0.60733574499411531890202296155	0.7591549948987222455435491241
0.60775142406299188660066673845	0.7592842210998141107247106212
0.60816650103646894728718000989	0.7594135887651013412038665474
0.60858110802299526268452777177	0.7595431104790643979209146396
0.60899538245948806909190586783	0.7596728030870184293357523562
0.60940946533679140043875807443	0.7598026868658250685691057461
0.6098234997376325665186137781	0.7599327848217829696897367193
0.6102376296351641666879210987	0.7600631220958291962859711009
0.61065199890880077964031389109	0.760193725459312637846139546
0.61106675054121707339244492181	0.760324622887006404910711092
0.61148202596632385076661990953	0.7604558431951748625759745573
0.61189796454299047837625950016	0.7605874157350842711770031973
0.61231470313340853208470223989	0.7607193701330154491329688951
0.61273237576843390515087426784	0.7608517360708326451450909466
0.61315111338511958330839916091	0.7609845430995711220181262334
0.6135710436240548279709362444	0.7611178204820583312232306542
0.61399229067613788798989852455	0.7612515970597359817462898343
0.61441497517009410917914333769	0.7613859011400391378131958217
0.61483921409346366732126890522	0.7615207604015241058703699101
0.61526512074096807811650176676	0.7616562018129902286916113124
0.6156928046851594583339887231	0.7617922515662054458178831466
0.61612237176509224743264392915	0.7619289350181777047328734931
0.61655392408945957013016829426	0.762066276642868983156455363
0.61698756005122713889098072116	0.7622042999902197523154250405
0.61742337435129451611485920021	0.7623430276514238587719076149
0.61786145802913167454833620879	0.762482481229389016995631478
0.61830189849869065008269817811	0.7626226813138965545099008322
0.61874477958818817996101782514	0.7627636474598666966994182625
0.61919018158260435489760751988	0.7629053981688073963930374905
0.61963818126795187991116830852	0.7630479508730564605010076958
0.62008885197654673012986521189	0.7631913219214652988321279658
0.62054226363265902526853664409	0.7633355265669748574609088657
0.62099848279804721320804039927	0.763480578955383101358582077
0.62145757271698284864292418409	0.7636264921150309417392630782
0.62191959336046048910459141758	0.7637732779473284793921322107
0.62238460146936013829283875108	0.7639209472178340174220060174
0.62285265059639046181061910353	0.7640695095474308505284601909
0.62332379114669155918524440409	0.7642189734042163303668106428
0.62379807041701798155513156684	0.7643693460950044430910908617
0.62427553263345727732635179333	0.7645206337572138882881535431
0.62475621898766776150632776226	0.7646728413503355088177821742
0.62524016767164240074300883268	0.7648259726478169400201903484
0.62572741391102449531666171261	0.7649800302281977406302862636
0.62621798999701591411167644027	0.7651350154663565447309642457
0.62671192531693058063245109608	0.7652909285243865883835995867
0.62720924638345521362288786441	0.7654477683422583505576665118
0.62770997686268641514683272598	0.7656055326281628959720323142
0.62821413760101842708295048919	0.7657642178485046492898169375
0.62872174665095954734583436005	0.7659238192179520029202238783
0.62923281929595756465450755904	0.7660843306882584690195524133
0.62974736807431585331377126958	0.7662457449380639001419407965
0.63026540280228215103307758021	0.7664080533613242556016392678
0.63078693059639167920965710431	0.7665712460561903972368295535
0.63131195589514528994701502369	0.7667353118128893356940968047
0.6318404804801018459798947013	0.7669002381021126260974406175
0.63237250349646215664207517271	0.7670660110626627491834458649
0.63290802147321958635636072565	0.7672326154889487896626798135
0.6334470283429499816331796172	0.767400034818372502324146614
0.63398951546131089712960484866	0.7675682511184631391352404473
0.63453547162631727857126951794	0.7677372450737506812513766468
0.63508488309745782782860250709	0.767906995972877414492209402
0.63563773361471326225538939893	0.7680774816946507326149161366
0.63619400441753462201945593404	0.7682486786952007017310181114
0.63675367426383668815438820593	0.7684205619941133247592379455
0.63731671944905848651904003119	0.7685931051608506285820250395
0.63788311382533976799057652023	0.768766280301093207650388082
0.63845282882085930109878473039	0.7689400580430095006338044266
0.63902583345937779442128437567	0.7691144075235359514595941778
0.6396020943800252926598647581	0.7692892963746768917938653883
0.64018157585736997107100943306	0.7694646907097886276758936586
0.6407642398218023957046907395	0.7696405551099942835242960143
0.64135004588026652311964738739	0.7698168526106335171057048566
0.64193895133736599116370980078	0.7699935446877625730886522956
0.64253091121687160139837088733	0.7701705912449416079035955522
0.64312587828365332170619325471	0.770347950599990352152226272
0.64372380306605763757040224375	0.7705255794718281029270249653
0.64432463387874866927944990029	0.7707034329679345091927052158
0.64492831684602912701481690603	0.7708814645714835829851329744
0.64553479592565492825782048949	0.7710596261291745736242734097
0.64614401293315512107016988499	0.7712378678388252081168797958
0.64675590756666666590782410072	0.7714161382376998067523431864
0.64737041743229161789131413557	0.7715943841909080851825198914
0.64798747806998231797703825842	0.7717725508801046302363413037
0.64860702297995835429974150191	0.7719505817926076170642922404
0.6492289836496572834666509003	0.7721284187108006094393029124
0.64985328958121941313094217475	0.7723060017019885662666483921
0.65047986831950533447317828446	0.7724832691085701486645250993
0.65110864548064336110163492247	0.7726601575386727689838265773
0.65173954478110257431074624811	0.7728366018572108159983423066
0.652372488067285795257369111	0.7730125351775821886912133076
0.6530073953456354985750075571	0.7731878888533041019441837308
0.65364418481324445243595642469	0.7733625924708247314465231961
0.65428277288896171082919569782	0.7735365738425256754066989608
0.654923074244983497672937361	0.7737097590000559392208976501
0.65556500183891750592055993207	0.7738820721886529043956524771
0.65620846694630818819231553706	0.7740534358616892507051177997
0.65685337919360973406551429173	0.7742237706761725656298772344
0.65749964659159261808839313704	0.774392995488172907095769002
0.65814717556916885147880269291	0.7745610273497771524410273332
0.65879587100762038724984424069	0.7747277815059843290712814529
0.65944563627521450280541234555	0.7748931713926425846117890292
0.66009637326218942198846331667	0.7750571086348137991534238069
0.66074798241609293317247074022	0.7752195030460646264146126971
0.66140036277745631244332569198	0.7753802626283183328993261277
0.6620534120157854668118645223	0.7755392935723953213625609712
0.6627070264658508760897985501	0.775696500259543384659580416
0.66336110116425762178370956871	0.7758517852632559000642831641
0.6640155298862765569820619472	0.7760050493525942853425751993
0.66467020518291748065289279146	0.776156191495442493661380885
0.66532501841822503908794403289	0.7763051088632426585028277081
0.66597985980677797865989460887	0.7764516968360345215157572827
0.66663461845137232099726357153	0.7765958490088978811369720698
0.66728918238086901740380547533	0.7767374571985969984894236405
0.66794343858818666623859317366	0.7768764114515942770324141681
0.66859727306841993998924153236	0.777012600052564320807538021
0.66925057085706446836646788622	0.7771459095340564306351487925
0.66990321606832905658563174558	0.7772762246868207157256446886
0.67055509193351628285078381609	0.777403428571212954111704058
0.67120608083945271462943735744	0.77752740252936237621055845
0.67185606436695020567874709256	0.7776480261983837805310217132
0.6725049233292799873604954663	0.7777651775243419481352610122
0.67315253781064154090223205398	0.7778787327775367894995742685
0.67379878720460853590957166183	0.7779885665679061499334826316
0.67444355025253443928442876833	0.7780945518625193428928944789
0.67508670508190073699702631761	0.7781965600030324131602224583
0.67572812924459106800398707419	0.7782944607248679291039153689
0.67636769975507494176711234808	0.778388122176440336934870518
0.67700529312848509863509768595	0.7784774109404772905889776008
0.67764078541857297275031707584	0.7785621920554695874397713714
0.67827405225552712848038186102	0.778642329038452943086487449
0.67890496888363996403380007407	0.7787176839087106834314448106
0.6795334101988084057784371083	0.7787881172124675974192380839
0.68015925078585475610822883695	0.7788534880485663218940151726
0.68078236495565429815505669772	0.7789136540951671220069968085
0.68140262678205671221790922717	0.7789684716374138847090494131
0.68201991013858880902751929729	0.7790177955960718759960369545
0.68263408873492653575041773417	0.7790614795573141197394511986
0.68324503615312466926188228262	0.7790993758031155856769224042
0.68385262588359306327889513771	0.7791313353432409125558122541
0.68445673136080876707767651997	0.7791572079476695601375285466
0.68505722599875378729489672742	0.7791768421800480963847524814
0.68565398322606870990232997044	0.7791900854328900788009460332
0.68624687652091284228947117919	0.7791967839625673213033004023
0.6868357794455219752118516224	0.7791967829259055016636475687
0.68742056568045529581576368998	0.7791899264184034110518609436
0.68800110905852340899698520612	0.7791760575117519290962706399
0.68857728359838984398628050029	0.7791550182939373855177455177
0.68914896353783883401326533913	0.7791266499095000699317187497
0.68971602336670255891329211549	0.779090792600773137909867698
0.69027833785944143574561221055	0.7790472857502105585590020793
0.69083578210737142585173497491	0.7789959679236075575379583719
0.69138823155053270225269478762	0.7789366769141202955460194002
0.69193556200919438533168692944	0.7788692497873166936994362592
0.69247764971499040923873211231	0.7787935229270734628801114946
0.69301437134168192403067504218	0.7787093320822760803110149107
0.693545604035541971268187166	0.7786165124144468169821095959
0.69407122544535849149458313273	0.7785148985464049526629379184
0.69459111375205203087906436652	0.7784043246110213537229317317
0.6951051476979048133585002807	0.7782846243021421222013725604
0.6956132066153981293672492278	0.7781556309246260075198845021
0.69611517045565526816241887685	0.7780171774468684736814045266
0.69661091981648748226903840387	0.7778690965526450935110212723
0.69710033597004072509317612724	0.7777112206943870386689179693
0.69758330089004114071155079971	0.777543382147691536600215117
0.69805969727863751404099763673	0.7773654130650277020497384067
0.69852940859283910449975521723	0.7771771455318761314225029022
0.69899231907054749526110168242	0.776978411622291345327171517
0.69944831375618127649399252986	0.7767690434556066900204751101
0.6998972785258925736288228298	0.7765488732538988794483494896
0.70033910011237459619044505857	0.7763177333993748374517819124
0.70077366612925954859548758887	0.7760754564933327423469594497
0.70120086509510639365175307472	0.7758218754147085187381061245
0.70162058645697810258629602554	0.7755568233797843852480103267
0.70203272061360815516727783521	0.7752801340021398232090056682
0.70243715893815617725121473433	0.7749916413530927130595385193
0.70283379380055271486063990479	0.7746911800224757437984536688
0.70322251858943324904190705923	0.7743785851803261466630804152
0.70360322773366165041237895156	0.7740536926379980869121212444
0.70397581672344336021526578994	0.7737163389108801440675404285
0.70434018213102866496677633173	0.773366361280241663954688243
0.70469622163100650200648006217	0.7730035978561298340221473501
0.70504383402018930082864007234	0.7726278876403803457648690599
0.70538291923708942011288168254	0.772239070589682086672911099
0.7057133783809877965135853778	0.7718369876790100228166935739
0.70603511373059546108388793128	0.7714214809651676952225268184
0.70634802876230862553876976558	0.7709923936504625366746414788
0.70665202816805807030804600656	0.7705495701466039841980656482
0.70694701787275359862627429745	0.770092856138412471957245945
0.70723290505132434574398854124	0.769622098647800712770124124
0.70750959814535575170935937602	0.7691371460977979855824786486
0.70777700687932402501427421015	0.7686378483761645071863168308
0.70803504227642893630283288405	0.7681240568995903336172925242
0.70828361667402579280162112888	0.7675956246769089288296354445
0.7085226437386574487704805319	0.7670524063731000507493833336
0.70875203848068721590053789195	0.7664942583726028900117417342
0.70897171726853353588801440623	0.7659210388421868363929830038
0.70918159784250728071806977282	0.7653326077943691892443263365
0.70938159932825254342362390446	0.7647288271496753275504063547
0.70957164224979178040671879891	0.7641095607994485749513114586
0.7097516485421761626428081195	0.7634746746670772431742505979
0.70992154156374198826331223693	0.7628240367705848449595226089
0.71008124610797400413352315894	0.7621575172829101045298864981
0.71023068841497648084508757604	0.7614749885931100006373783447
0.71036979618255287687712312239	0.7607763253664209774848947645
0.71049849857689492561909566653	0.7600614046038899778108069103
0.71061672624288197394745988076	0.7593301057015575695900985448
0.7107244113139913961622647864	0.7585823105086592475978531809
0.71082148742182090516970574783	0.7578179033860362557911100693
0.71090788970522358102703167126	0.7570367712624903105280198525
0.71098355481905643498739063787	0.7562388036917084285736520193
0.71104842094254333034314838193	0.7554238929079634927349873628
0.71110242778725308106359981309	0.7545919338805624393138566227
0.71114551660469355541346704462	0.7537428243682563888895301252
0.71117763019352261633453779996	0.7528764649722433153534448092
0.71119871290637673959807342896	0.7519927591884679999547193209
0.71120871065631815887293935304	0.7510916134589400536722649534
0.71120757092290140132362335129	0.7501729372220703578396076948
0.71119524275786008994133109987	0.749236642962232199455593322
0.71117167679041490711987857272	0.7482826462576800632451407813
0.71113682523220363220005992384	0.7473108658285069712710988467
0.71109064188183418907067957956	0.7463212235816547961064691944
0.71103308212906166188500250704	0.7453136446574333238010920273
0.7109641029585902675569182405	0.7442880574721561870341511075
0.71088366295350129952126568762	0.7432443937614434749984770502
0.71079172229830809307754567204	0.7421825886215245382135827717
0.71068824278163909484021784946	0.7411025805494481250737605778
0.71057318779855015884323352818	0.7400043114820313053432966531
0.71044652235246723090507116339	0.7388877268334920077941539836
0.71030821305676062605105802829	0.7377527755317491857766198588
0.71015822813595215093241384006	0.7365994100534185638883276721
0.70999653742655636955091677482	0.7354275864572139147732406026
0.70982311237755736295681692791	0.7342372644161950770738866477
0.70963792605052238779172158602	0.7330284072485942537839289393
0.70944095311935389225820540969	0.7318009819468974452671762238
0.70923216986968140880747611824	0.730554959205871800042229745
0.70901155419789490470930090364	0.7292903134485304355580277042
0.70877908560982123009378554574	0.728007022851309191579292586
0.70853474521904537526805749769	0.7267050693670608904370651612
0.70827851574487831160652565459	0.725384438746844395551158475
0.70801038150997326298957122724	0.724045120560131256856284033
0.7077303284375923248488371003	0.7226871082131681720782593191
0.70743834404852542431823126691	0.7213103989665817463717613178
0.70713441745766368665852175064	0.7199149939495299662501517114
0.70681853937022935471993180096	0.7185008981745277710372968498
0.7064907020776644831201323504	0.7170681205495384610620579378
0.70615089945318071480035157627	0.715616673887623633680735033
0.70579912694697252118566085203	0.7141465749164338813185343347
0.70543538158109638053251811605	0.7126578442851914681673591696
0.70505966194401844409490284641	0.7111505065701487880254815745
0.70467196818483333218279294024	0.7096245902784898502275178655
0.70427230200715678405717518982	0.7080801278504620384412332527
0.70386066666269497601798161512	0.7065171556598180829713708714
0.70343706694449340703278143943	0.7049357140126575025119324086
0.70300150917986834284617715772	0.7033358471445297683027745967
0.70255400122302389671836483154	0.7017176032159211383643447343
0.70209455244735791334622644633	0.7000810343059433537461249432
0.7016231737374599156522523092	0.698426196404501562717488552
0.70113987748080445959208770928	0.6967531494026890391517319703
0.70064467755914333549122219063	0.6950619570815235796606233953
0.70013758933960013945054613088	0.6933526870991298546900124548
0.69961862966547083399914208062	0.6916254109760777017315788724
0.6990878168467339999474100799	0.6898802040793211566822874374
0.6985451706502745711791330391	0.6881171456040714762147023296
0.69799071228982493547571515362	0.6863363185550774173646804113
0.69742446441562736686743453022	0.6845378097246640736597972267
0.69684645110382184165164952949	0.6827217096705682050229692778
0.69625669784556337983179137821	0.680888112691782766949128813
0.69565523153587313020640028318	0.6790371168025116981185379058
0.69504208046222750694282144196	0.677168823705006415027317666
0.69441727429288976277579641168	0.6752833387605341517076830508
0.69378084406498846600999640078	0.6733807709591881522319704138
0.69313282217234742612375949813	0.6714612328877602864905581069
0.69247324235307168898554630253	0.669524840696566026240118416
0.69180213967689429916721118085	0.6675717140645764862012022696
0.69111955053228860058525450219	0.6656019761631741903139042057
0.69042551261335091598287735779	0.6636157536185004567942942755
0.68972006490645851572408334131	0.6616131764723273454467454705
0.68900324767670785612193824849	0.6595943781419901895623285514
0.68827510245413812954880223358	0.6575594953782199933657821306
0.68753567201974523442381558937	0.6555086682224022082012311923
0.68678500039129132794158872287	0.6534420399622951405275355132
0.68602313280891519541103472397	0.6513597570862444782191306347
0.68525011572054869292497841836	0.6492619692367644967496656658
0.6844659967671446606714256583	0.6471488291621849711913793281
0.68367082476772158751998902259	0.6450204926678000799941827213
0.68286464970423056347623089024	0.6428771185655471330790245954
0.68204752270624993824229766632	0.640718868622545924220424089
0.68121949603551322285929855695	0.6385459075091095394116622045
0.68038062307027579549680180745	0.6363584027447878857259132657
0.67953095828952600663859647047	0.6341565246438910216782580836
0.67867055725704631824831529308	0.6319404462605856718566262647
0.67779947660533013275139333158	0.629710343332592705930698619
0.67691777401936001070697326173	0.6274663942229037319727271589
0.67602550822025298819523389947	0.6252087798633014067691254534
0.67512273894877873115384613384	0.6229376836940893684279820756
0.67420952694875628911363121496	0.6206532916050667790755074458
0.6732859339503352171162993528	0.618355791874923099569644414
0.67235202265316685570506103697	0.6160453751100597305877312542
0.67140785670947156433867137523	0.6137222341827942862807900217
0.67045350070700771277078987312	0.6113865641688444295919377538
0.66948902015194824269777624276	0.6090385622842088107875443882
0.66851448145167060017480657264	0.6066784278215979821848184804
0.66752995189746585410084369739	0.6043063620861623048987640193
0.66653549964717280125130030597	0.6019225683308369670182570195
0.66553119370774284989741737255	0.5995272516912895125030173295
0.6645171039177414667255800587	0.5971206191202785180824263908
0.6634933009297919589814684714	0.5947028793216995554966606411
0.66245985619296733206918786482	0.5922742426844476419024788922
0.66141684193513597933072062986	0.5898349212157706782646007876
0.66036433114526689257787333972	0.5873851284743695127144251935
0.65930239755570007148122823463	0.5849250795034284073525024295
0.65823111562438781542027609152	0.5824549907632958991568956019
0.65715056051711250174793362219	0.5799750800640827410274073125
0.65606080808968644142900344579	0.5774855664981195747540335357
0.65496193487013935845254369082	0.5749866703723069351753420492
0.65385401804089905557207080784	0.5724786131404883604056462687
0.65273713542097064391530751343	0.5699616173357524377498491842
0.65161136544811996554043218577	0.5674359065026358913684879698
0.6504767871610658094856891765	0.564901705129955037011262796
0.64933348018168842562481687663	0.5623592385827237679651110224
0.64818152469725602407025307388	0.559808733035124385132169558
0.64702100144267807265375100928	0.5572504154032050222343783402
0.64585199168278840291824172204	0.5546845132778529234293804736
0.6446745771946641192845748775	0.5521112548580700898266504928
0.64348884024998411369936930108	0.5495308688840743906819363295
0.6422948635974355710605665689	0.5469435845717652881692517498
0.64109273044516782515685570928	0.5443496315460680049581754041
0.63988252444330346021437084693	0.5417492397757489826905413493
0.63866432966650977584857077991	0.5391426395081349351929436391
0.63743823059663365496859866816	0.5365300612043372469057713918
0.63620431210540714833430891137	0.5339117354749068294123254961
0.63496265943722624995525887349	0.531287893016020610518937363
0.63371335819200893924422981464	0.5286587645459566796738527555
0.63245649430813574590273232977	0.526024580742532301420072649
0.63119215404547724318616290645	0.5233855721805450014088492701
0.62992042396851372849094718875	0.5207419692701707457899378192
0.62864139092955009988550685593	0.5180940021958309268254924435
0.6273551420520306771750898014	0.5154419008557695994682125234
0.62606176471395772419230852549	0.512785894802036472580143159
0.62476134653141764766127858124	0.510126213181616449274826692
0.62345397534221869089926946422	0.5074630846776114336541820005
0.62213973918964386262941789641	0.5047967374518663477946380419
0.62081872630632274661877290715	0.5021273990875021562927470469
0.619491025098225809873968842	0.4994552965330857166417628662
0.61815672412878433202029171547	0.4967806560467759023671380065
0.61681591210314035270615258054	0.4941037031420765686122503031
0.6154686778525282401325272718	0.4914246625334794163850564261
0.61411511031879275788485237832	0.4887437580836895640079759083
0.612755298539045722345469451	0.4860612127514356372718393932
0.61138933163046460260438813066	0.4833772485398385386059543438
0.61001729877523592153573843832	0.480692086446353289546161292
0.60863928920564629020955960887	0.4780059464129318307402611908
0.60725539218932379564797777293	0.4753190472774002432964452868
0.6058656970146323855270796454	0.4726316067256875030937622793
0.60447029297622179004044677947	0.4699438412449303772570513767
0.60306926936073535831025685689	0.4672559660778799244757561269
0.60166271543267837919281773777	0.4645681951775439437787906687
0.60025072042044879632181561202	0.4618807411631468902872704376
0.59883337350253281333401889503	0.4591938152778261344083295667
0.59741076379386741626400648527	0.456507627345581891425230942
0.5959829803323709498146295543	0.4538223857309400306105826302
0.5945501120656458088093874907	0.4511382972985459907449452288
0.59311224783785227078011745549	0.4484555673740673429241974216
0.59166947637675704420836353761	0.4457743997063918033480846099
0.59022188628095757823104762956	0.4430949964300963683461706128
0.5887695660072839989880119444	0.4404175580295815207153237796
0.58731260385837856961624629281	0.4377422833040920180619015636
0.58585108797045669467725922631	0.4350693693334259131838072503
0.58438510630124837009479902001	0.4323990114451003538785777326
0.58291474661812224103433178678	0.4297314031821722018722097877
0.58144009648639326686115785495	0.4270667362722717439507622588
0.57996124325781483609080713809	0.4244052005975992625445910905
0.57847827405925630534092009292	0.4217469841658544723716942707
0.57699127578156676251676441754	0.4190922730825350578625263291
0.57550033506862569012817691895	0.4164412515233885569259799213
0.57400553830658134930327017654	0.4137941017092762446284941598
0.57250697161327714135186807163	0.4111510038805836860008015149
0.57100472082786674893409899151	0.4085121362733146563328826939
0.56949887150061823148106338708	0.4058776750965365785647563375
0.567989508882907570913433355	0.4032477945101452100480999933
0.56647671791740171062407733051	0.4006226666039219831269088148
0.56496058322843147279971213662	0.3980024613775275583606526886
0.563441189112554325128439038	0.3953873467215944058580476414
0.56191861952930698738953223362	0.3927774883996504614677195288
0.56039295809214795023025151393	0.3901730500310599321101566298
0.55886428805958967016730876602	0.3875741930747958252692624041
0.55733269232652030149764413631	0.3849810768144802627034336085
0.55579825341571468682885592826	0.3823938583440357046073199143
0.55426105346953427658342055509	0.37981269255432942339375657
0.55272117424181579613804958169	0.3772377321209382680775406336
0.55117869708994694147822142483	0.3746691274926664526404505927
0.54963370296713150219460764961	0.3721070268809000961517856261
0.54808627241484033756548412784	0.3695515762500414078773592394
0.54653648555544802632044519845	0.3670029193086728939930512326
0.54498442208505568184611784928	0.3644611975016820017301530935
0.543430161266500501207564716	0.36192655000329209454616694
0.54187378192254483404148927141	0.3593991137106726367544609351
0.54031536242925420093654815309	0.3568790232387836563668663019
0.53875498070955220329319744865	0.3543664109157643846183867885
0.53719271422696012650077656529	0.3518614067792391649504580811
0.53562863997951512946302597039	0.3493641385733802940964971625
0.53406283449386841858187839301	0.3468747317468706619710288071
0.53249537381956094595356215777	0.3443933094514766101901916488
0.53092633352347586191974985787	0.3419199925414899394827490408
0.52935578868446711678886965677	0.3394548995739699052635240944
0.52778381388816187760112579964	0.3369981468095835092333721864
0.52621048322193615230652143523	0.3345498482143178196272851427
0.52463587027006283557067972356	0.3321101154617917772184924705
0.52306004810902719366024212411	0.3296790579363170161128177871
0.52148308930301754427761160004	0.3272567827366527944489394704
0.51990506589957528820103779771	0.3248433946804077458490039368
0.51832604942541697565764268301	0.3224389963091184860310304597
0.51674611088241830668308705736	0.3200436878939591598638711346
0.51516532074376148956024589711	0.3176575674420826908668218318
0.51358374895024382568682463718	0.3152807307035773164431623477
0.51200146490674591785286899279	0.3129132711790347268329388599
0.51041853747885810185493533427	0.3105552801277201177041710795
0.5088350349896629902164818828	0.308206846576252305994050046
0.50725102521667284788235188298	0.3058680573279174839414391375
0.50566657538891973206688939984	0.3035389969725281367441337256
0.50408175218419705708901470374	0.3012197478965797064255403545
0.50249662172645030350664909265	0.2989103902945370485553162021
0.50091124958331652145489028607	0.2966110021798343742952038945
0.49932570076380476159578100317	0.2943216593968404519878717765
0.49774003971613100445928506319	0.2920424356333496511239684106
0.49615433032568265268948566276	0.2897734024331621309253690053
0.49456863591313415301597445929	0.2875146292095653229246979667
0.49298301923269024472240555249	0.2852661832588402133791623459
0.49139754247047916701192037805	0.2830281297744491209764063711
0.48981226724306734951744064865	0.2808005318615885613737319622
0.48822725459611534160397572686	0.2785834505520061145932808511
0.48664256500316146841698591953	0.2763769448192755646513282197
0.48505825836453495180206252098	0.2741810715945736840858114741
0.48347439400639585025014296724	0.2719958857825565138048287805
0.48189103067990038862835465047	0.2698214402777527391945596641
0.48030822656048907498704616459	0.2676577859812470373089600196
0.47872603924729620292468181444	0.2655049718175691085579431917
0.47714452576267853879434500705	0.2633630447521644032952386985
0.47556374255186117587499689409	0.2612320498087768918654817336
0.4739837454826994082876080024	0.2591120300873553052052791116
0.47240458984555019869883051845	0.2570030267821633707074496332
0.47082633035326445092574496677	0.2549050792001567045792497943
0.46924902114127606542363539714	0.2528182247796153852033713269
0.46767271576780809893635735993	0.2507424991088764430172994072
0.46609746721418048586954969902	0.2486779359453707992744004913
0.46452332788522198784767852995	0.2466245672350142253198865965
0.46295034960978393459804147851	0.2445824231314137788144513103
0.46137858364135353557486552592	0.2425515320157113202197431089
0.45980808065876499464530050484	0.2405319205162273700898509052
0.45823889076700639006320671586	0.2385236135284047663349822048
0.45667106349812043473374049169	0.2365266342349722644183093146
0.45510464781219754864512006787	0.2345410041261129635835933861
0.4535396920984585546979257663	0.2325667430198334437469770106
0.45197624417642579698916838844	0.2306038690824407623741352371
0.45041435129718077338637319854	0.2286523988491711102682447462
0.44885406014470561088916715657	0.2267123472445680757539942175
0.44729541683730784294300120228	0.2247837276038388902238027089
0.44573846692912505277402731624	0.2228665516931510447513074696
0.44418325541170935086365686729	0.2209608297305543830114722695
0.44262982671568783803108024416	0.2190665704074888414656090088
0.44107822471249923218189096373	0.2171837809090038062169723692
0.43952849271620291614949394566	0.2153124669356205897607948227
0.4379806734853606703955874628	0.2134526327237034530477590607
0.43643480922498707367181565028	0.2116042810670472168689827712
0.43489094158856925915458237464	0.2097674133378686863378085257
0.43334911168015169198873738986	0.2079420295078479436668827251
0.43180936005648633165800098391	0.2061281281694087022983692039
0.43027172672924668115344153662	0.2043257065567349197732272947
0.4287362511672957605164870059	0.2025347605669330889906292521
0.42720297229903051091401378265	0.2007552847811447881800130758
0.42567192851476356737376195271	0.198987272485530729189382733
0.42414315766917373199130702442	0.1972307156923815879639474511
0.42261669708380929395509110622	0.1954856051610470561116935634
0.42109258354963702403051761842	0.1937519304188761967909671053
0.41957085332965893808893170138	0.1920296797821006620227728597
0.41805154216155725917133248507	0.190318840376676419641291008
0.41653468526040365354858800281	0.1886193981589340222464857438
0.4150203173214086934616225323	0.1869313379363793458448255601
0.41350847252271723375976821977	0.18525464338815111763782957
0.41199918452824747782509314779	0.1835892970856952610819329203
0.41049248649057221829260248891	0.1819352805130040845999669832
0.40898841105384035287282566491	0.1802925740870399237912903428
0.40748699035673782254094895822	0.1786611571779427508762810102
0.40598825603548585400435392718	0.177041008129117905033084181
0.40449223922687634982374249006	0.1754321042772784625043898328
0.40299897057134077049202793632	0.1738344219722678650741906435
0.4015084802160540476034032523	0.1722479365969430368164594625
0.40002079781806936640720462155	0.1706726225866896327917810552
0.39853595254748464137418356703	0.1691084534490610190752460396
0.39705397309063806251531809163	0.1675554017831011810031226232
0.39557488765333190470263991158	0.1660134392985962655027948495
0.394098723964083136529459689	0.1644825368351787202861895905
0.39262550927740022401951772857	0.1629626643814698720205644815
0.39115527037708355470908337854	0.1614537910936429126703561865
0.38968803357954977787282066085	0.1599558853142975758117732746
0.38822382473717764658690083403	0.1584689145909247775665783056
0.38676266924167489220924597612	0.1569928456942871818895581133
0.38530459202746486942593438936	0.1555276446366737225122100492
0.38384961757509144644188114209	0.1540732766899368106179204438
0.38239776991464169540319663761	0.152629706403327935262836906
0.38094907262918418562050746632	0.1511968976213727758214486758
0.37950354885822348059437617704	0.1497748135013383206804686702
0.37806122130116783233519393001	0.1483634165307276708953839225
0.37662211222081054989289549758	0.1469626685443792917428878362
0.37518624344682347312986741012	0.145572530741639010182797306
0.37375363637926054778666707109	0.1441929637032233786944919457
0.37232431199207380443243450438	0.1428239274078661998493090899
0.37089829083663550574270886549	0.1414653812489910947179469506
0.3694755930452705679101977883	0.1401172840509378221817403129
0.36805623833479550938205848793	0.1387795940852102153420405642
0.36664024601006375720709992073	0.1374522690864669288810693745
0.36522763496751668761971543516	0.1361352662683232460615412944
0.36381842369873879603116665694	0.1348285423389592444098285347
0.36241263029401637018124811939	0.1335320535166553799371264731
0.36101027244590051059522822592	0.1322457555449692843577724043
0.35961136745276994835157176538	0.1309696037079178884922558013
0.35821593222239691983963082888	0.1297035528447643809293650387
0.35682398327551288914803778871	0.1284475573647944263928044123
0.35543553674937385044283051526	0.1272015712618537666971229804
0.35405060840132476626636199399	0.1259655481285899986168897745
0.35266921361236184834217933965	0.1247394411707883082137186843
0.35129136739069315411481995658	0.1235232032211548407691227341
0.34991708437529504995673808137	0.1223167867531910174496260041
0.34854637883946537754604851578	0.1211201438947703048706797885
0.34717926469437150248196196475	0.1199332264415003425267040706
0.34581575549259417117083113798	0.118755985870034920095877979
0.34445586443166410648777238919	0.1175883733510118235292913409
0.34309960435759433054845917914	0.1164303397619487560790872959
0.34174698776840167029774705798	0.1152818356998940594834021797
0.34039802681762589735472171614	0.1141428114938693469613200799
0.33905273331783489351470663584	0.1130132172172316041756662872
0.33771111874412615412608744073	0.1118930026997038148247895987
0.33637319423761494496180465133	0.1107821175393312474971141715
0.33503897060891577767423184478	0.1096805111142246004590506191
0.33370845834161106939949327209	0.108588132594093722404188139
0.33238166759571054195126458777	0.1075049309516138547212283221
0.33105860821109847566938248534	0.1064308549736915500602127471
0.32973928971096925836697277831	0.1053658532723698262775992173
0.32842372130525128601549045863	0.1043098742957139389519714591
0.32711191189401725931738396421	0.1032628663384971556042169127
0.3258038700708819701544408196	0.1022247775526049060620566225
0.32449960412638636418286462884	0.1011955559574157015723318628
0.32319912205136713007498839585	0.100175149449857781158166893
0.32190243154031278709721750588	0.0991635058143830943940742913
0.320609539994704888272831174	0.0981605727327685624473313295
0.31932045452634339919092745565	0.0971662977936746478685647252
0.31803518196065734440617613162	0.096180628502155669833378545
0.31675372883999975788110188204	0.0952035122888273320307309112
0.3154761014269253607462224203	0.094234896519035926883520589
0.31420230570745365827635912949	0.0932747285017793045337827866
0.31293234739431429602277734771	0.092322955498414268275357448
0.31166623193017456022570974971	0.091379524731324707992134348
0.31040396449085060563121310758	0.0904443833923897063238094826
0.30914554998850152887935991799	0.0895174786511064586872766078
0.30789099307480424660286775027	0.0885987576628284935985848546
0.30664029814411208852513888502	0.087688167576771987975107449
0.30539346933659209863718782631	0.0867856555435959581414736097
0.30415051054134684893721115902	0.0858911687233357686982404912
0.30291142539951625558531151726	0.0850046542925961071597900279
0.30167621730735984574829713991	0.0841260594521703183315787726
0.30044488941932092055959831955	0.0832553314339701363340051984
0.29921744465106900913950368815	0.0823924175082566313297224382
0.29799388568252729344967837801	0.0815372649903789508866255637
0.29677421496087441100560324192	0.0806898212476090582810652674
0.29555843470353211018735901723	0.079850033705735040666232432
0.2943465469011269899396366952	0.0790178498553895304135656048
0.29313855332043793858591564792	0.0781932172585678536450837494
0.29193445550731832444993985015	0.077376083554538260746887288
0.29073425478960133309078898205	0.0765663964661568848210409098
0.28953795227998139645654397288	0.0757641038054382665350635081
0.28834554887887726273578589886	0.0749691534796337864875753062
0.28715704527727389792146245738	0.0741814934966258218831198709
0.2859724419595423424897485195	0.0734010719704377401052827813
0.28479173920623980292059046653	0.0726278371267672329618334105
0.28361493709688686374535976361	0.0718617373079492154152883154
0.2824420355127269752404644507	0.071102720978319810777103547
0.28127303413945922360951069613	0.0703507367289680520486172953
0.28010793246995577943989819303	0.0696057332827491728472732417
0.27894672980695272508891107775	0.0688676594989110495148051939
0.27778942526572368581263723125	0.0681364643777391978623640242
0.27663601777672828209450108191	0.067412097065044196544415795
0.27548650608824189411256948969	0.0666945068565167087186712908
0.27434088876896309038825621094	0.0659836432019870006600639662
0.27319916421059736077316682254	0.0652794557095634762060178818
0.27206133063042310282042036939	0.0645818941496475534942246782
0.27092738607383184005425622342	0.0638909084588526431487042261
0.26979732841685049853099234378	0.0632064487438072256108729953
0.2686711553686393936676510758	0.0625284652848281671131010324
0.26754886447396909647819516139	0.0618569085395444284918408093
0.26643045311567720532843506209	0.0611917291463486052688196825
0.26531591851710165551774708508	0.060532877927786679079458877
0.26420525774449234117242114661	0.0598803058938187534253349409
0.26309846770940340971725632975	0.0592339642450097562418651387
0.26199554517106054845275580129	0.0585938043756092909079272425
0.26089648673871013843289460005	0.0579597778765110852977153812
0.25980128887394443168054863837	0.0573318365381414046877539217
0.25870994789300604884111824439	0.0567099323532540703634647976
0.25762245996907137974943643711	0.0560940175196154064889603359
0.25653882113451185277152928198	0.0554840444426108531518084648
0.25545902728313443240287748443	0.0548799657377610705587291437
0.25438307417240078548968359365	0.0542817342331360922339077914
0.25331095742562454475465014397	0.0536893029716958794347904326
0.25224267253414836925607819778	0.0531026252135541180208630082
0.25117821485949867535463914337	0.0525216544381254904557498025
0.25011757963552069620705869335	0.0519463443462216388660055963
0.24906076197049079589727517633	0.0513766488620490714381165359
0.24800775684920987033171153018	0.0508125221351321554720573638
0.24695855913507367247616776691	0.0502539185421607753005219503
0.24591316357212467725162430198	0.0497007926887522522984938068
0.24487156478708151534150429457	0.0491530994111384013128790351
0.24383375729134854107432788417	0.0486107937777986941478028441
0.24279973548300374045434242813	0.0480738310909786858163031886
0.24176949364876849434737271	0.0475421668881831976641715932
0.24074302596595515546488627225	0.047015756943558132307765692
0.23972032650439420626050752739	0.0464945572692399285933105632
0.23870138922834231054168366634	0.0459785241166054760011685238
0.2376862079983699125913757467	0.0454676139774673986794091875
0.23667477657322850993721397461	0.0449617835852177227379555626
0.23566708861169833472053693193	0.0444609899158809673036591458
0.23466313767441593352238372972	0.0439651901891308976375181912
0.23366291722568357626052710113	0.0434743418692205265106781513
0.23266642063525592004523580408	0.0429884026658652087210546801
0.2316736411801109007587402739	0.0425073305350777703538969269
0.23068457204619811074119851027	0.0420310836799186504925876045
0.22969920633017076617353363687	0.0415596205512041425845956784
0.22871753704109606944653457511	0.0410928998481505827082708757
0.22773955710214791401013101071	0.0406308805190118869457027772
0.2267652593522811047491611477	0.0401735217615618284294173524
0.22579463654788444341750995891	0.0397207830236133950980652642
0.22482768136441894369736418695	0.0392726240034811864735450508
0.22386438639803383199281805808	0.0388290046503267193821840631
0.2229047441671658730245595516	0.0383898851645161434852454607
0.22194874711412048876756421946	0.0379552259979234463887086604
0.22099638760663445898266609662	0.0375249878541472136925694395
0.22004765793942048639142292136	0.0370991316887447771646518405
0.21910255033569311980119767304	0.0366776187093509363290275736
0.21816105694867829568855125405	0.0362604103757981471545875795
0.2172231698631041544992998113	0.0358474684001855543821030913
0.21628888109667460380743241427	0.0354387547469035207414319618
0.21535818260152540998441135417	0.0350342316326155606825006789
0.21443106626566336089971020679	0.0346338615261781470657549082
0.21350752391438782153971463316	0.0342376071485880811234132089
0.21258754731169457725095010098	0.0338454314728108817396769463
0.21167112816166427300908944412	0.0334572977235820872092314549
0.21075825810983267362574918843	0.0330731693772980385387970518
0.20984892874454547757564382835	0.0326930101616492503960743826
0.20894313159829594410368709218	0.0323167840554141773455844072
0.20804085814904547883413028404	0.0319444552881169421039607656
0.20714209982152939010097728504	0.0315759883397059306392515175
0.20624684798854492648018832144	0.0312113479401297162934314103
0.20535509397222491087627524223	0.0308504990689728765415136916
0.20446682904529414824512658752	0.0304934069549629766815663836
0.20358204443230992501210023404	0.0301400370755555071074186519
0.20270073131089052883771008646	0.0297903551563965492405955017
0.20182288081292108427342657701	0.0294443271707717832227695989
0.20094848402575100894758588812	0.0291019193391243106180727367
0.20007753199337323753238657447	0.0287630981283907676109425403
0.19921001571758763271316641489	0.0284278302514074541750832011
0.19834592615915146888675796579	0.0280960826663220068167632677
0.19748525423891331281747100865	0.0277678225759103430083925401
0.19662799083893337067881844334	0.0274430174268350421182037392
0.19577412680358793616668006493	0.0271216349090340774987342579
0.19492365294066163106056140666	0.0268036429548890693235990962
0.19407656002242218151632089506	0.0264890097385624510820613881
0.19323283878668532718467585349	0.0261777036751861436452496322
0.19239247993786029459535030875	0.0258696934200320715075950711
0.19155547414798591779266611076	0.0255649478677627594661203748
0.19072181205775068428260141891	0.0252634361515398056134469254
0.18989148427749986388730721515	0.0249651276422115705894288254
0.18906448138822849674312943432	0.0246699919474289880551703842
0.18824079394256162418670023745	0.0243779989107175767898218666
0.18742041246572180696064346624	0.0240891186106513952464359753
0.18660332745648028667331639141	0.0238033213598415202134626106
0.18578952938809963743521322442	0.0235205777040806963022423304
0.1849790087092616433765566394	0.0232408584213179775960919028
0.1841717558449799627145467023	0.0229641345207219170198360392
0.18336776119750362411067189028	0.0226903772417016360451149305
0.18256701514720705549424468493	0.0224195580529076814384829792
0.18176950805346620742281945317	0.0221516486511925337488945472
0.18097523025552322856185556847	0.0218866209606328318479317446
0.18018417207334152300679321571	0.0216244471314300986753617979
0.17939632380844391833682734371	0.0213650995389651294531024552
0.17861167574474244085911018613	0.0211085507825969711452781033
0.17783021814935551057343203421	0.0208547736847171966653057228
0.17705194127341308842671865298	0.0206037412896118800639717314
0.17627683535285038396609119916	0.0203554268623670333271416265
0.17550489060919012043303281094	0.0201098038877831406582498039
0.17473609725031380020928192451	0.0198668460692523908593977463
0.17397044547122180733863917794	0.019626527327676445410434539
0.17320792545478085351204030533	0.0193888218002557125403464982
0.17244852737246323186745445362	0.0191537038394541456151033182
0.17169224138507286027278962616	0.018921148011785924205925774
0.17093905764346185914345108035	0.0186911290966793815248266507
0.17018896628923633436348100608	0.0184636220853344133150554902
0.16944195745544972839052812118	0.0182386021795591988024749734
0.16869802126729007698815597386	0.0180160447905775995697969669
0.16795714784275261857831523814	0.0177959255378643212437764399
0.16721932729330398808401540762	0.0175782202479718769199666805
0.16648454972453834746472373621	0.0173629049533330532776276678
0.165752805236818990741796821738	0.0171499558910698552819178582
0.165024083925913541837651375702	0.0169393495017983540036513405
0.164298375883619142231563848455	0.0167310624284360104479750215
0.163575671198376961455737817628	0.0165250715149857888788615504
0.162855959955878078781171371086	0.0163213538053318381392330904
0.162139232239658657630849355604	0.0161198865420322774017786256
0.161425478131687732953108452486	0.0159206471651018805831948463
0.16071468771294431147968922004	0.0157236133107942536744576646
0.1600068510639856062699692148	0.0155287628103859281849305921
0.159301958265507046511511318346	0.01533607368894997906687412
0.158599999398891634910662437281	0.0151455241641406063045461447
0.157900964546754262726917276355	0.0149570926449575483679036548
0.157204843793471843479484942876	0.0147707577305266240232092168
0.156511627225709142064717849496	0.014586498208874153600958601
0.155821304932935478026983550531	0.0144042930556885626922874434
0.155133867007930052082347214122	0.0142241214331074404079184383
0.154449303547285227391876396465	0.0140459626884654521902171383
0.153767604651891157154628590483	0.0138697963530871783151604908
0.153088760427428488837909128957	0.0136956021410487659387257976
0.152412760984833740485921481077	0.0135233599479375106198202023
0.151739596440771319500117050414	0.0133530498496357911046966704
0.151069256918092216790311259543	0.0131846521010907245444256723
0.150401732546285005712985991018	0.0130181471350860882679670253
0.149737013461920090993961014692	0.0128535155610020748952239262
0.149075089809085881227480841806	0.0126907381636220896892223534
0.148415951739817831538435385011	0.0125297959018695877029410073
0.147759589414520883437062662223	0.0123706699076053676690813681
0.147105993002381293285090164627	0.0122133414844056097721978552
0.146455152681776338900560586062	0.0120577921063502466118682299
0.145807058640673172290241036486	0.0119040034167843221450068258
0.145161701077021863516216869074	0.0117519572271264605620293884
0.144519070199141608221987370754	0.0116016355156332470534466228
0.143879156226099988846125813574	0.0114530204262147304945628231
0.143241949388085142589181932371	0.0113060942671997856294799125
0.142607439926771448416005050158	0.0111608395101490406434209073
0.141975618095680781781637430878	0.0110172387886611919300712251
0.141346474160531737307757609986	0.0108752748971485025735774415
0.140719998399588256612836096901	0.0107349307896534597572141909
0.140096181103999180893951184459	0.0105961895786638626909842719
0.139475012578131381473951756935	0.0104590345339177523537142871
0.138856483139897588966810502746	0.0103234490812196832857699252
0.13824058312107795689461935554	0.0101894168012532376128548793
0.137627302867635109809385754534	0.0100569214284104072978167133
0.137016632740022942310916094546	0.0099259468496088926843379696
0.136408563113492748372672354139	0.0097964771031373406611133202
0.135803084378386125813919888137	0.0096684963774716338100724894
0.135200186940431385117272255306	0.0095419890101274250863731696
0.134599861221027791995930277988	0.0094169394864924973438288831
0.134002097657526486497206749801	0.0092933324386820458789499379
0.133406886703505998145036918873	0.0091711526443789173666845869
0.132814218829041500604172519806	0.0090503850257044647056676701
0.132224084520969953624810993179	0.0089310146480648529283728669
0.131636474283148446260278504777	0.0088130267190251894762904903
0.131051378636708338015093383759	0.0086964065871743493643077509
0.130468788120304092683455369775	0.0085811397410042364877312956
0.129888693290356450238551735498	0.0084672118077852431613407261
0.129311084721291500512451997838	0.0083546085524550804705275427
0.128735953005773145813285937933	0.0082433158765039114472012878
0.128163288754934853001021074624	0.0081333198168742129107179655
0.127593082598599273460298917958	0.0080246065448532502390033867
0.127025325185500028428878502699	0.0079171623649897189931590654
0.126460007183495562886879754938	0.0078109737139927294146476878
0.125897119279778921540748220494	0.0077060271596562673330434314
0.125336652181082728061837453966	0.007602309399774225225384601
0.124778596613880007069583808383	0.0074998072610716260924835562
0.124222943324580448877711720063	0.0073985076981335797766012233
0.123669683079721809743149574269	0.0072983977923463167087811515
0.123118806666158091297034882957	0.0071994647508353357749522399
0.122570304891242195679536007016	0.0071016959054227559311350252
0.122024168583005102718826174237	0.0070050787115689834577544262
0.121480388590330481561269038812	0.0069096007473509850343187583
0.120938955783125979881610227919	0.0068152497124033635381061129
0.120399861052489335927823537715	0.0067220134269211601393757589
0.119863095310871433809724590787	0.0066298798306067900477653705
0.119328649492232883986947010464	0.0065388369816742370147008648
0.118796514552204755928646731774	0.0064488730558306381928121187
0.118266681468232657987175624704	0.006359976345267839923905888
0.117739141239728177543393941779	0.006272135257671087775132631
0.117213884888210657084061633966	0.0061853383152208307699383063
0.116690903457448639232799235786	0.0060995741536029357797054181
0.116170188013594501992115737737	0.0060148315210336563467012136
0.115651729645318340503253817184	0.0059310992772787110722621693
0.115135519463936214542832458836	0.0058483663926918531727010262
0.114621548603537053996661131639	0.0057666219472421749181903946
0.114109808221103487247582903662	0.005685855129553119753309462
0.113600289496631948476488164452	0.0056060552359722949643196371
0.113092983633248052808254098492	0.0055272116695974427867030776
0.112587881857317849230510430597	0.0054493139393642672346493432
0.112084975418558422581171406949	0.0053723516590885622998129357
0.111584255590144328401276279754	0.0052963145465554284300711779
0.111085713668808255088283809483	0.0052211924226008229132772661
0.110589340974940223348636964592	0.0051469752101690255056047931
0.110095128852689185943418509543	0.0050736529334425674252924278
0.109603068670051625340651578061	0.005001215716903946592209604
0.109113151818964075394080644296	0.0049296537844664708132672379
0.108625369715391510610135231587	0.0048589574585646448752984763
0.10813971379941012078860003714	0.0047891171592711100200392881
0.107656175535293804133791205606	0.004720123403431999921418066
0.107174746411588625510173405332	0.0046519668037676114163187961
0.106695417941192573314961453312	0.0045846380680356154108625174
0.106218181661428133837727790381	0.0045181279981536114824639304
0.10574302913411409774058141165	0.0044524274893406632293247483
0.105269951945632499508280040809	0.0043875275292824802058401149
0.104798941706999320376778117557	0.0043234191972701275058874788
0.104329990053922324062928231041	0.0042600936633793889666074568
0.103863088646865498882774523904	0.0041975421876407587153092091
0.103398229171106270641526635513	0.0041357561191967696803379772
0.102935403336792418868618579033	0.004074726895498079428467957
0.102474602878995697253701660809	0.0040144460414863595382555814
0.10201581955776143429751249378	0.0039549051687923587309707767
0.101559045158161218746066818955	0.0038960959749233114519398054
0.101104271490336197699801206319	0.0038380102424751747298891611
0.100651490389543763636457301432	0.0037806398383449014642744346
0.100200693716197596071951274027	0.003723976712942933853027473
0.099751873355910758733446552947	0.0036680128994176442344371751
0.099305021219531237493603517757	0.0036127405128820058394935888
0.098860129243179968109832122887	0.0035581517496490756015820449
0.098417189388282615652364058029	0.0035042388864724211903329207
0.097976193641602197219182449686	0.0034509942797885336981006277
0.097537134015268659480412392619	0.0033984103649710574655020579
0.097100002546807918517924929055	0.0033464796555895697800424689
0.096664791299165113021379382008	0.0032951947426655562243674985
0.09623149236073098182902600084	0.0032445482939492619512233636
0.095800097845362971323704009567	0.0031945330531878972580386182
0.095370599892404025252448546313	0.0031451418394077410263517423
0.094942990666704081011721696109	0.0030963675462023811403823409
0.094517262358634017648774581709	0.0030482031410163120016030637
0.094093407184101004168029976273	0.0030006416644520474274531398
0.093671417384561839189166648078	0.0029536762295603192177009532
0.093251285227034309470255119337	0.0029073000211569768986122163
0.092833003004106325389295341802	0.0028615062951384723165568053
0.092416563033945177753463775907	0.0028162883777852430501257391
0.092001957660302744135953759321	0.0027716396651082698486066738
0.091589179252519648458754317282	0.0027275536221563620687376996
0.09117822020553065440888940312	0.0026840237823692114163037056
0.090769072939864446668926719093	0.0026410437469058221495406914
0.090361729901644434306612305206	0.002598607184000033920755364
0.089956183562587492494254371093	0.0025567078283017852384154466
0.08955242642000084861742247536	0.0025153394802416331123229702
0.089150450996777912702394709389	0.0024744960053852823368121932
0.088750249841392672659368490432	0.0024341713338145095073155812
0.088351815527892631950242088087	0.002394359459477316912408242
0.087955140655890082676852679041	0.0023550544395850964607830569
0.08756021785055266027634979674	0.0023162503939871858202360653
0.0871670397625919321007737521	0.0022779415045555141914604379
0.086775599068251151708203029028	0.0022401220145899883233137211
0.08638588846929146296664101849	0.0022027862281936034927955705
0.085997900692976918022341634203	0.0021659285097041997868817962
0.085611628492058260052128662211	0.0021295432830767355638659947
0.085227064644755758881928561419	0.0020936250313139225224642945
0.084844201954740264341237935586	0.0020581682958741421308725564
0.0844630332511134931389894419	0.0020231676760968362633411145
0.084083551388387733366463094153	0.0019886178286373867012104761
0.083705749246463016077412625902	0.0019545134668855131362950118
0.083329619730603653243945164613	0.0019208493604177053438646403
0.082955155771415265251077159703	0.0018876203344261500256023662
0.082582350324818728921081413636	0.001854821269177981550945094
0.082211196372023605259795946896	0.001822447099461294682545238
0.08184168691950191060676562776	0.0017904928140386269712198214
0.081473814998957809836070378061	0.0017589534551137246377886427
0.081107573667299364685999736141	0.0017278241177970636059157777
0.080742956006610266241459936749	0.0016970999495738365731896143
0.080379955124113330213958819757	0.0016667761497777444402529363
0.080018564152142987638659678929	0.0016368479690785229717096251
0.079658776248111048532642004411	0.0016073107089597729353450318
0.079300584594471091822608474754	0.0015781597212005990967313524
0.078943982398684997914799954733	0.0015493904073927979859128461
0.078588962893186880652292447778	0.0015209982184134662071181754
0.078235519335346151419293638484	0.0014929786539414105434024719
0.077883645007430411014543490163	0.0014653272619508393027021857
0.077533333216566718485131849056	0.001438039638244859596189519
0.077184577294703173562428238313	0.0014111114259488543171227414
0.076837370598568249337770381076	0.0013845383150393906120455315
0.076491706509630956168731649193	0.0013583160418673642887332153
0.076147578434058906212694753847	0.0013324403886863171041243728
0.075804979802676441879194351288	0.0013069071831872176903888385
0.075463904070921758360289948235	0.0012817122980219112941356021
0.075124344718803368388799251167	0.0012568516503683494865399523
0.074786295250855872460097243169	0.0012323212014520671433615894
0.074449749196095054014312831067	0.0012081169561071271738508158
0.074114700107972316509500792037	0.001184234962325558901014517
0.073781141564328305663606629633	0.0011606713108154860943081239
0.073449067167346686236063538526	0.001137422134560727728178851
0.073118470543505730284457860586	0.0011144836083882354063219971
0.072789345343530900435923446092	0.0010918519485351388479065449
0.072461685242346007082414033602	0.0010695234122220048241961756
0.072135483939023940098737512615	0.0010474942972292451572732266
0.071810735156737025896551316071	0.0010257609414801487753167931
0.071487432642706017008870105853	0.001004319722621228516644488
0.071165570168150126151398552931	0.0009831670576143093131569058
0.070845141528234911275518045491	0.0009622994023244946010275894
0.07052614054202065270719446356	0.0009417132511198617920177892
0.070208561052409581903395343657	0.0009214051364696833451641889
0.069892396926092883010837465567	0.0009013716285466640259176709
0.06957764205349843093414171637	0.0008816093348339061655711987
0.069264290348734572112100180796	0.0008621148997385646697901401
0.068952335749537880603470705787	0.0008428850041969906107034594
0.068641772217217290089762967314	0.0008239163653033237479895376
0.068332593736599047922729536486	0.0008052057359253927394231696
0.068024794315970848184187512623	0.0007867499043268517933166741
0.067718367987026445845514471831	0.000768545693799810005603285
0.067413308804808290049526079427	0.0007505899622939934664029254
0.06710961084765099832458756319	0.000732879602054951468088971
0.066807268217123980290308236882	0.0007154115392550851332369559
0.066506275037973861568313328498	0.0006981827336438319340039336
0.066206625458066488754334991139	0.0006811901781870972542675501
0.065908313648328303066721836672	0.0006644308987202130437914641
0.065611333802688143245051913656	0.0006479019535932645120774691
0.065315680138017230454747246328	0.000631600433335714243928366
0.065021346894070786231332718914	0.0006155234603025247272891405
0.064728328333427815167145785652	0.0005996681883454812085548456
0.064436618741431117254878968396	0.0005840318024753630098053618
0.064146212426127189578736832381	0.0005686115185239576725241665
0.063857103718205059403075280138	0.0005534045828253309330729664
0.063569286970936274551626427928	0.0005384082718778224578720366
0.063282756560112751339120625614	0.0005236198920329003492633708
0.062997506883986241756536471226	0.0005090367791680431437484063
0.062713532363206077841984023281	0.0004946562983699956323947636
0.062430827440757418856075576398	0.0004804758436216316668170314
0.062149386581899061819558151271	0.0004664928374965006733848713
0.061869204274101034739220579857	0.0004527047308409628498174297
0.061590275026981915583682224582	0.0004391090024779273139513107
0.061312593372246074587496305763	0.0004257031588996148507014866
0.061036153863620516623541579975	0.0004124847339701694966348289
0.060760951076791657388767544645	0.0003994512886298962080363724
0.06048697960934169697963113407	0.0003866004105990635128706436
0.060214234080685583516983987585	0.0003739297140896425500737344
0.059942709132006285018923158471	0.0003614368395172913954304102
0.059672399426191384112245584317	0.0003491194532130395330485161
0.059403299647768869090497818024	0.0003369752471448768538156267
0.059135404502842056194862382328	0.0003250019386347060392122314
0.058868708719026761422150460725	0.0003131972700825942387925858
0.058603207045384818990295061333	0.0003015590086921469588334619
0.058338894252360693918088104165	0.0002900849461977826559591259