2.831431626138381186492801995	15.432486177218501882652115534
2.3421219814140610601318640326	8.160626200010328463100308832
1.996459643976313667815235569	4.994151332471320968933678162
1.7358320844681637186123559338	3.398956751615710955293149918
1.52915072825933647275198785777	2.5082524403589656892601006956
1.35847568951026659471743139434	1.9728166321861144165671162324
1.21282637114861080239256650191	1.6337657984325777863989081002
1.08522450361104562740972650763	1.4116528161035762471854664749
0.9711736829206067560325699293	1.2635751511515379420560717205
0.86783682362232681302770706434	1.1647612571402378951491133803
0.773571688872887153560088847	1.0999633583839569749285816727
0.68764562190165392420551830101	1.0591486248692971919225622804
0.61001653223788200877160146315	1.035241756100769495840140782
0.54109855884312495372191309417	1.0229411576180428326259424964
0.4814656883663131303570390198	1.0181468939788481082258539624
0.43150967681121395927127598829	1.0177347930907203968034719501
0.39114747882865844415682738124	1.0194756395226337331280721539
0.35970271632212666104822783236	1.0219474548051171709866332998
0.3360097956986772737560592968	1.0243756476879702331575514561
0.31866094705020313448187737153	1.0264273402428844481959625528
0.30625752915155899145225822306	1.0280217789406732654825924199
0.29757368180426476720986749215	1.0291956089530417136449571927
0.29161983779927809531394479571	1.0300252730584916138608601606
0.28763829500242894437830613678	1.0305900296108602267151541096
0.2850675065723290198166293327	1.030957927615360458379601266
0.28349915968452653231539325358	1.0311826877821492526036323923
0.28263940799649419157731758162	1.0313049196614281117342054623
0.28227781991244810590693954539	1.031354598784399438076244464
0.28226397379172433197984173291	1.0313535539683559905928643996
0.28249037557726804007548512558	1.0313175549257639748767205439
0.28288019563352744293372248289	1.0312579353309089277981842361
0.28337853112698609254177126848	1.0311828076181769909121306306
0.28394619390105491542334609183	1.0310979543750109596909752789
0.28455528959413167558810423443	1.0310074758437291532998994191
0.28518606281125258135209466111	1.0309142580832963358935814472
0.2858246374548055256808439454	1.0308203109610269789132750168
0.28646139162268087925931458561	1.03072701224554553487836311
0.28708978409232844419197777893	1.0306352841144396149944305214
0.28770550363523780031533405162	1.0305457210072947030199481606
0.28830585022691069167310534311	1.030458682397841880571677744
0.28888928363231445663414773398	1.0303743602127266688720895295
0.28945509335664800992772209187	1.0302928278775789961169526682
0.29000315697931712188710905965	1.0302140760112187522689855673
0.29053376310527914883375724569	1.030138038390820498342059934
0.29104748172270811896335443741	1.0300646108099520082825226719
0.29154506944329287066477421736	1.0299936647344431174053396851
0.29202740047153983170541530458	1.0299250571437005517323351041
0.2924954165851166632309200829	1.0298586375727567968207955953
0.29295009117745293781517146628	1.0297942530985399968991622994
0.29339240370499109317025834228	1.0297317518181435519583574621
0.29382332182800349424074472261	1.0296709852218056940431227564
0.29424378923063160677154875415	1.0296118097585502529155468366
0.29465471762063129163460860239	1.0295540878143647784538168607
0.29505698179103815217365292123	1.0294976882658757587004584336
0.29545141690988876533943459183	1.029442486729944167533246101
0.29583881741588690658809720758	1.0293883655983564469366900453
0.29621993705620447476452861257	1.0293352139232715350635530281
0.29659548972117804917835223159	1.0292829272021718893565569243
0.29696615081960903632210415643	1.0292314070974574757627424004
0.29733255900516883202657468454	1.0291805611169790630398802191
0.29769531811459395305286981264	1.0291303022741205745317365291
0.2980549992160577024461920927	1.0290805487408628311906407625
0.29841214269440847542357264952	1.0290312235031639220650516053
0.29876726032118096877014419159	1.0289822540254770210938984006
0.29912083727315139644575813732	1.0289335719284329862754524888
0.29947333407502891684856562471	1.0288851126826581198868230577
0.29982518845063984254614290218	1.0288368153200594377242112578
0.3001768170734152886939374886	1.0287886221636339375676024184
0.30052861721170217433438962186	1.0287404785756736050159243782
0.30088096826781082548300244554	1.028692332724263369450197994
0.30123423321211549764080203101	1.0286441353672909022907022628
0.30158875991518435268826860415	1.0285958396535167976294353646
0.30194488238202081047894945664	1.0285474009395531314421569276
0.30230292189319160005271545179	1.0284987766220180949886598555
0.30266318805800671483598684886	1.0284499259838024942262536906
0.30302597978508507025563216532	1.0284008100535709690821711011
0.30339158617564919968889137872	1.0283513914775754254663029299
0.30376028734478977451163771182	1.0283016344028236128401092721
0.30413235517576139469043420159	1.0282515043708941823872429313
0.30450805401214138019244234079	1.0282009682214782983801288495
0.30488764129242281778385414724	1.0281499940049932308747985208
0.30527136813133633389175813228	1.0280985509035959448479325557
0.3056594798519124872138485864	1.0280466091597683435585432888
0.30605221647201584422748920076	1.0279941400122640104074980409
0.30644981314880799182655397381	1.0279411156384455659823765809
0.30685250058433354225407532824	1.027887509102832452212768989
0.30726050539517290665051978409	1.0278332943112619344647970356
0.30767405044886962678212458059	1.0277784459702525069006701327
0.30809335516961903691405418607	1.0277229395512233501273096284
0.30851863581549915434560211699	1.0276667512591844633463337616
0.30895010572933378100761845018	1.0276098580056669084970857862
0.30938797556510140855219701399	1.0275522373854120249657635059
0.30983245349164105375604305915	1.0274938676568129705769190302
0.31028374537525690375044223178	1.027434727725573292600253291
0.31074205494268685553382995451	1.027374797131657895301071696
0.31120758392577490158591840263	1.0273140560390762423289314703
0.31168053218907304654997527367	1.027252485228478454424477231
0.31216109784149426339707118582	1.0271900660923145115990882099
0.31264947733304315534470857926	1.0271267806324173550078248857
0.31314586553756477093741690258	1.0270626114598698614111757582
0.31365045582237373865838346251	1.0269975417970251148247064101
0.31416344010555491530024364405	1.0269315554815320421396355926
0.31468500890166248094189394411	1.026864636972305913411640452
0.3152153513564863131257866458	1.0267967713572276045944147833
0.31575465527150202456745825737	1.0267279443626580517797432495
0.31630310711857377933867628306	1.0266581423644330825127955759
0.31686089204543648197109963819	1.0265873524004647297224604149
0.31742819387244576074961265441	1.0265155621847700324427984265
0.31800519508104997718279168892	1.0264427601228082957398631233
0.3185920767944079518411042204	1.0263689353281625172349657245
0.31918901875054889547929875015	1.0262940776403797167480278142
0.3197961992684468899485208097	1.0262181776439726016421227349
0.32041379520736091964456895475	1.0261412266884924974622867585
0.32104198191977267014606981203	1.0260632169095830190463435884
0.32168093319823787175617775825	1.0259841412509930929858990594
0.32233082121645266610544960142	1.0259039934874548004500843868
0.32299181646482413354569010306	1.0258227682483410753588727507
0.32366408768082356265877903686	1.0257404610421098089724025037
0.32434780177439211402139316101	1.0256570682813738014679697962
0.32504312374866108123070446452	1.025572587308657405176866916
0.32575021661624284564376657397	1.0254870164225740248736592724
0.32646924131134373036747020704	1.025400354904602913566393741
0.32720035659794616253808885494	1.0253126030462392355630480604
0.32794371897430474194010011475	1.0252237621764658055830440192
0.32869948257399887662647656323	1.0251338346894952407997147965
0.32946779906378348867559025698	1.025042824072757064373972794
0.33024881753847881829860161721	1.0249507349349636559408065596
0.33104268441314046926417799415	1.0248575730342952946571263942
0.33184954331275146128391913623	1.0247633453064989266298473104
0.33266953495967910149973840778	1.0246680598929098213891102987
0.33350279705914087760133196104	1.0245717261683562435695012797
0.33434946418292523676137926825	1.024474354768725249187735926
0.3352096676516149710781817707	1.0243759576182683076762324721
0.33608353541556291705394589874	1.0242765479564023710978137131
0.33697119193487171828056574705	1.0241761403641347933700350989
0.33787275805863144552782051653	1.0240747507897516146828017789
0.33878835090367083661081609279	1.0239723965739545323755816652
0.33971808373307977126550911186	1.023869096474208398050196811
0.34066206583476225658040809114	1.0237648706881402586302003925
0.34162040240028062733658039837	1.0236597408761826055746156227
0.34259319440425280197779801848	1.0235537301830048638817808152
0.34358053848456523178869122851	1.0234468632579230288963783706
0.3445825268236645963547516624	1.0233391662741188783641333823
0.34559924703119127903671349486	1.0232306669464642177335753794
0.34663078202821717452253429593	1.0231213945480417315938996705
0.34767720993334938586217110684	1.0230113799251380622127001885
0.34873860395095983874050736898	1.0229006555106801600970248684
0.34981503226179873624224642545	1.0227892553360041950162126867
0.35090655791624707667185733098	1.0226772150408768247806832521
0.35201323873046013566720428706	1.0225645718817104990648729002
0.35313512718564985052092147455	1.0224513647378052947962854457
0.35427227033074942539609635378	1.0223376341156394855293947734
0.3554247096886981925825495853	1.0222234221510532926888170028
0.35659248116657879951963073764	1.0221087726092947982537821778
0.35777561496983215857925371775	1.0219937308828144158196131124
0.35897413552076827650455967271	1.0218783439867632491378695244
0.36018806138158309653170922428	1.0217626605521194525408489798
0.36141740518208283805815722543	1.0216467308163866825230435309
0.36266217355230802199271195428	1.0215306066117821427600179774
0.36392236706023944569390383157	1.0214143413508520532011053554
0.3651979801547578373401202628	1.0212979900095619502049768133
0.36648900111401780640451740164	1.0211816091076322467073420253
0.36779541199938504052277467948	1.0210652566862551087061884229
0.36911718861507351447731678823	1.0209489922830447771594163543
0.37045430047360681555623566266	1.0208328769042485156871096621
0.37180671076721458053993509977	1.020716972994152110264139916
0.37317437634526154280340497745	1.020601344401701208525596185
0.37455724769779283184696367522	1.0204860563442684670079057152
0.37595526894526501619530283924	1.0203711753686433040195179949
0.37736837783451797402341337091	1.0202567693091313839633340596
0.37879650574102807296019698819	1.0201429072428823983751824977
0.38023957767746839302590194671	1.0200296594423760319834738696
0.38169751230858688954347545264	1.0199170973251185999315170656
0.38317022197239852834767615396	1.0198052934005677835610419159
0.38465761270767257409540247245	1.0196943212143174838759833739
0.38615958428768146015399013607	1.0195842552895750987678617365
0.38767603026016303556414413739	1.0194751710659765456613664374
0.38920683799343355890226635722	1.0193671448357724580442165844
0.39075188872857462595247034778	1.019260253677504224209487934
0.39231105763760333970621045386	1.0191545753871564028848174915
0.39388421388752150754345184414	1.0190501884068437533346586982
0.39547122071012653201860637188	1.0189471717512134055623350771
0.39707193547745399502193520229	1.0188456049315216543845781641
0.39868620978270976750253894315	1.01874556787754565525888633
0.40031388952653785086020371823	1.0186471408573735967404041093
0.40195481500845910769667841104	1.0185504043952039250653426855
0.4036088210233056099176722842	1.0184554391872188461672771322
0.40527573696246555158052327657	1.0183623260156650048409959683
0.40695538691974457066245808184	1.0182711456612204840028407724
0.40864758980164092610520820477	1.0181819788137852263056558997
0.41035215944182430444348059821	1.0180949059817907020278930602
0.41206890471960110259381176074	1.0180100074001406525857330998
0.4137976296821428635523383209	1.0179273629369470076169793269
0.41553813367024914012507575423	1.0178470519990960100018064421
0.41729021144741143657658261877	1.0177691534368613722574296797
0.41905365333194102794376423462	1.0176937454476388479981830517
0.42082824533192038502480837786	1.0176209054789433182049882157
0.42261376928273563123047372874	1.0175507101307803735919265774
0.42441000298694591995021715051	1.0174832350575415037975334165
0.4262167203562448340102004766	1.0174185548695488976526101538
0.42803369155526885851592172045	1.0173567430343489803234117301
0.42986068314700864789204372155	1.0172978717779382129735075984
0.43169745823958017204127744702	1.017242011985981508154780622
0.43354377663411486978772338142	1.017189233105207342874555904
0.43539939497353062462127830113	1.0171396030450705254945294176
0.43726406689194868894855900592	1.0170931880797961118113897031
0.43913754316452558296758625431	1.0170500527509870812867096179
0.44101957185747345364500024816	1.0170102597708230011565192199
0.442909898478047364327548862	1.0169738699260195515148225662
0.44480826612428346375585743511	1.0169409419826978398525116528
0.44671441563427791044005052747	1.016911532592176571281409589
0.44862808573480279233799348686	1.0168856961978717769046119949
0.45054901318906200312229033351	1.0168634849433740592259462584
0.45247693294339713121443323258	1.0168449485818353701089844691
0.4544115782727608019801178215	1.0168301343867038876984391321
0.45635268092478258022496903658	1.0168190870639595909234319617
0.45829997126226043848607578295	1.0168118486659012469825823802
0.46025317840391889570947088494	1.0168084585065841689619025267
0.46221203036328319323255611194	1.0168089530789863008554204179
0.46417625418552726649157566197	1.0168133659739703092453059
0.46614557608216175842199236218	1.0168217278011346836276182682
0.46811972156343686883163211403	1.0168340661116021169113874515
0.47009841556834341547814510342	1.0168504053227951570747377458
0.47208138259210406321853841775	1.0168707666453306376601128049
0.4740683468110552317704655562	1.0168951680119387042535956394
0.47605903220482868918906702901	1.0169236240086691763070112252
0.47805316267575025603053752726	1.0169561458082434220102500755
0.48005046216538135607386429999	1.0169927411056345312455311361
0.48205065476813733178197625474	1.0170334140560412918308229415
0.48405346484192447790631689971	1.0170781652151213447113777243
0.48605861711574561064337939286	1.0171269914816007785926117484
0.48806583679423166950616892805	1.0171798860422433390135215455
0.49007484965906432551014761605	1.0172368383194045599950495406
0.49208538216726182985762179363	1.0172978339206070616138377847
0.49409716154630736558770816993	1.0173628545912068181368147339
0.4961099158861059571754981787	1.0174318781687304521623112148
0.4981233742277625286412378075	1.0175048785404180276421277609
0.50013726664917998220951171284	1.0175818256027909958651381106
0.50215132434748218364099033287	1.0176626852238099404920466396
0.50416527971827248243664095992	1.0177474192075526759202356354
0.50617886643174386343780954307	1.0178359852614438210550179375
0.50819181950566201631601466577	1.0179283369656108873753692447
0.51020387537524751715129843365	1.0180244237452982690962845515
0.51221477195998794850020950656	1.0181241908451165404423772423
0.51422424872741513287411702147	1.0182275793061976726420840929
0.5162320467538867242511466216	1.0183345259455304828528840482
0.51823790878241520024345383129	1.0184449633378655149390520634
0.52024157927759081969934923587	1.0185588197999367539835461929
0.52224280447764836245194964183	1.0186760193771233267689676496
0.52424133244373046353683271341	1.0187964818324338805520378753
0.5262369131064030793724352131	1.0189201226379057562162784572
0.52822929830948110968892400408	1.0190468529683026306648051699
0.53021824185122442766892623311	1.0191765796970798978874859333
0.53220349952296656776229098295	1.0193092053947842588399400235
0.53418482914524008266619188322	1.0194446283294808661829130464
0.53616199060146411934458790882	1.019582742469629818405815806
0.53813474586926108689537052054	1.0197234374891891085799627651
0.540102859049470402998623844	1.0198665987746055815934344484
0.54206609639292822061549315698	1.0200121074344294466350173622
0.54402422632508275968079070419	1.0201598403107157852672246321
0.54597701946851540977523491791	1.0203096699927048314296317655
0.54792424866343813524904997784	1.0204614648325549494608531141
0.54986568898623791666423751226	1.0206150889631479418678629247
0.55180111776613900514747295359	1.0207704023179223608942775004
0.55373031460005366262131278645	1.0209272606527798480001685271
0.55565306136569181650982669943	1.0210855155699134774198893283
0.55756914223299968194945932763	1.0212450145436498213750354148
0.55947834367399690284012950737	1.021405600948205011029842987
0.56138045447108115269160823162	1.021567114087464172870813612
0.56327526572386840915228252302	1.0217293892264779492311934716
0.56516257085463629668318614109	1.0218922576249943157438285276
0.56704216561243697753553375976	1.0220555465727095553813526112
0.56891384807594506948349696896	1.0222190794265722098903588667
0.57077741865510499316861106985	1.0223826756495608368593144269
0.57263268009164100220045692583	1.0225461508516057804466451784
0.57447943745849193538425787923	1.0227093168319009768300920957
0.57631749815823145795164246752	1.0228719816235069518633666298
0.57814667192053323684595482596	1.0230339495388823985228660789
0.57996677079873912058819311154	1.0231950212179292402459501104
0.58177760916558698456073673677	1.0233549936772365697111608905
0.58357900370815345719368613897	1.0235136603612308462836701361
0.58537077342206525939838336789	1.0236708111945983121393395764
0.58715273960503138837465276215	1.0238262326369158975134603079
0.58892472584974686050351991077	1.0239797077384166898845690874
0.59068655803621716286090957999	1.0241310161975815101514722032
0.59243806432355103730044192469	1.0242799344202214096576684409
0.59417907514126763861990805061	1.0244262355801492331273763361
0.59590942318016253712916536191	1.024569689681380817993691293
0.59762894338277549116169105745	1.0247100636218842362302826964
0.59933747293350128836995011864	1.0248471212588009343474343768
0.60103485124838347951650456145	1.0249806234751953194636496034
0.60272091996462917220599900678	1.0251103282483573884371714076
0.60439552292988155144913081964	1.0252359907192167940416568969
0.60605850619128528224362921535	1.0253573632637187740030936455
0.60770971798437836320397274963	1.025474195565329658409903796
0.60934900872184254241245722399	1.0255862346887798875571238608
0.6109762309821428922673335451	1.025693225155639514617746788
0.61259123949808568429769274448	1.025794909020907423930519939
0.61419389114532224583853123136	1.0258910259511282221946817768
0.61578404493082506320437956806	1.0259813133037515515042106475
0.61736156198136098601659172133	1.0260655062079331240446027049
0.61892630553198501812206241911	1.0261433376464861028883582415
0.62047814091457682410716208678	1.0262145385392661722739306438
0.62201693554644075795186951894	1.0262788378277136470852881978
0.62354255891898892548529915773	1.0263359625606864172113470741
0.62505488258652552306809679279	1.026385637981498022863398654
0.62655378015514945565920456999	1.0264275876161923216160364707
0.62803912727179103040939117021	1.0264615333629259831149316002
0.62951080161339733993943901467	1.0264871955826011055280770345
0.63096868287627980177523503256	1.0265042931905733997137416942
0.63241265276563620144619710655	1.0265125437494021843810107187
0.63384259498525849926761735199	1.0265116635630379257127663715
0.63525839522743660343276408253	1.0265013677714400006209672773
0.63665994116306728531233969017	1.0264813704468485299412012367
0.63804712243197641881334497381	1.0264513846906231103747775172
0.63941983063346176067082455209	1.0264111227315504781609198053
0.64077795931706255511166631595	1.0263602960244649800447072811
0.64212140397356134260384539551	1.0262986153502943328588591078
0.64345006202622248199955532367	1.0262257909168368737039831521
0.64476383282227104951831450186	1.0261415324603758653171797501
0.64606261762461497280401236523	1.0260455493480945435931389037
0.64734631960381246461069277563	1.0259375506813842058598219874
0.64861484383028608133354037679	1.0258172453998371012714282088
0.64986809726678399606275441624	1.0256843423859563933241364209
0.65110598876108838857622708693	1.025538550570731253073315019
0.65232842903897018375904562712	1.0253795790394110501082589804
0.6535353306973887338146261093	1.0252071371384906239118010055
0.65472660819793442744921234812	1.0250209345828343496569637952
0.65590217786051162654326528804	1.0248206815635050841929142897
0.657061957857258771867300067	1.0246060888559414071649897558
0.65820586820670197300319038821	1.0243768679289683669312834664
0.65933383076813788899326296611	1.0241327310536316710764558384
0.66044576923624122756101908259	1.0238733914127006262121615322
0.66154160913589174086773768362	1.0235985632107072919639200562
0.6626212778172151599326383744	1.0233079617840293310414602254
0.66368470445083211059206079033	1.0230013037107771819008868439
0.66473182002330866597670097184	1.0226783069218341689781346946
0.66576255733280183792054437599	1.0223386908110498283387531156
0.6667768509848929689416291104	1.021982176346022144273778916
0.66777463738860167284224513528	1.0216084861789165002414682862
0.66875585475257268651827909091	1.02121734475697244236787683
0.66972044308142771219858916249	1.0208084784331658448840973591
0.67066834417227409133613584053	1.0203816155766747272450199721
0.67159950161136191454719125715	1.0199364866831205203973070923
0.67251386077088096707960412839	1.019472824484597719819019909
0.67341136880588870765153150773	1.0189903640593718170385670832
0.67429197465136032370358513495	1.018488842941440181341486091
0.67515562901935173787870158993	1.017968001229222379284142034
0.6760022843962663089113232877	1.0174275816941708514796068065
0.67683189504021586163982454007	1.0168673298888665432267126372
0.67764441697846656189331688057	1.0162869942544019975555114954
0.67843980800496008545941465161	1.0156863262269897012315845315
0.67921802767790045119298083407	1.0150650803439745257019848982
0.67997903731739683892066064595	1.0144230143496183801434015653
0.68072280000315267742746948365	1.0137598892990897852653651224
0.68144928057219126144568360586	1.0130754696622064624499547048
0.68215844561660815234037491119	1.0123695234263367788628959572
0.68285026348134062167417214864	1.011641822197931065195696131
0.68352470426194441398516071909	1.0108921413032152940087595932
0.6841817398023681434063838237	1.0101202598877273197875638729
0.6848213436927156778954966823	1.0093259610147561440758751661
0.68544349126698692292896318836	1.008509031762418634032342698
0.68604815960078749885890917635	1.0076692633195346723337288022
0.68663532750899785730511216345	1.0068064510802074090225824467
0.68720497554339251583103346205	1.0059203947369584994004473519
0.68775708599020015056452323814	1.0050108983722658960228921141
0.68829164286759543254755440814	1.0040777705488644439693324808
0.68880863192311359328364173547	1.0031208243982493288291515829
0.68930804063097885718112914195	1.0021398777076478372202669696
0.68978985818933800058758337884	1.0011347530052346369421507744
0.69025407551739046407543212968	1.0001052776438766953676363557
0.69070068525240659211396673	0.9990512838824486028444783436
0.69112968174662574908486507855	0.9979726089662281920290251789
0.69154106106402622769609485188	0.9968690952044881521741330442
0.69193482097695905863100467624	0.9957405900468228771908954513
0.69231096096263799339968993622	0.9945869461570379900101536554
0.69266948219947817518018331583	0.9934080214852794093008583726
0.6930103875632761577554814945	0.9922036793378365773797430955
0.69333368162322417905303375026	0.9909737884449942674544858547
0.69363937063775179604895656021	0.9897182230266319696003863979
0.6939274625501882062472468594	0.9884368628555323714807208573
0.69419796698423880092009662683	0.9871295933184953234455595505
0.69445089523926973080591367253	0.9857963054750161067126952586
0.69468626028539448967045536941	0.9844368961139160253486708133
0.69490407675835675638115463475	0.9830512678071484571348416513
0.69510436095420398846153486487	0.9816393289615196854342502893
0.69528713082374647694869849119	0.9802009938677387794909930851
0.69545240596679684759188048182	0.9787361827470748334750742905
0.6956002076261852188355262195	0.9772448217955387662471134542
0.69573055868154548791274186186	0.975726843225163054839526419
0.69584348364286846876295981418	0.9741821853032235808355116779
0.69593900864381785432941618523	0.9726107923884038855101031778
0.69601716143480523679257208815	0.9710126149645024593267275148
0.69607797137582067412131486461	0.9693876096714470227653602238
0.69612146942901554896037404643	0.9677357393336009397979102613
0.69614768815103472253413984098	0.9660569729853818713110846061
0.69615666168509525130253329392	0.9643512858941301075127197581
0.69614842575280918365556296187	0.9626186595802784738162665118
0.69612301764574821952913569876	0.9608590818346849971187450979
0.69608047621674827199016313355	0.9590725467332827057780792026
0.69602084187095222686480061678	0.957259054648858460506400317
0.69594415655658945242238046138	0.9554186122602802164070760908
0.69585046375549087032378246923	0.9535512325584894167631253943
0.69573980847333864613157290127	0.9516569348500591169255600571
0.69561223722964981836661132767	0.9497357447579150091935457305
0.69546779804749342813718628969	0.9477876942192039753653012082
0.69530654044294096661222077097	0.9458128214800552373223794803
0.69512851541425019421960642061	0.9438111710883567483868703231
0.69493377543078265054635029495	0.94178279388293127342795789
0.69472237442165537256471070522	0.9397277469799383452412976624
0.69449436776412763604649906611	0.9376460937575318378907267648
0.69424981227172371448006117498	0.9355379038363635221003562455
0.69398876618209291621440231829	0.9334032530583755555221374712
0.69371128914460837745175678891	0.9312422234622431208503991508
0.69341744220770631071729411885	0.9290549032566422110038522714
0.69310728780596763712524056923	0.9268413867903424081358247735
0.69278088974694414098186523907	0.9246017745200644105110046144
0.69243831319773150421779873218	0.9223361729750633122982944076
0.69207962467129178119180276405	0.9200446947198759909609409317
0.69170489201252808399700685915	0.9177274583140496324345401269
0.69131418438411444526150118026	0.915384588269099486128301318
0.69090757225208402413149686833	0.9130162150034131583315381273
0.6904851273711790054518042662	0.9106224747947137951634066924
0.69004692276996573708434096975	0.908203509728889786075597345
0.68959303273571882421057047552	0.9057594676482477465471973771
0.6891235327990780853403996874	0.9032905020959134145534478059
0.68863849971848239941076144226	0.9007967722584212507928633927
0.68813801146438477355974976776	0.8982784429063224727265259296
0.68762214720325288335795220992	0.8957356843314827000663775148
0.68709098728135976780042742813	0.8931686722834406509337382102
0.68654461320836930167079835149	0.8905775879026595785081119551
0.68598310764072128591777625059	0.8879626176519847281280371999
0.68540655436482122540304257594	0.8853239532463620228303035217
0.68481503828003974065961943018	0.882661791579474286074859655
0.68420864538152703858015169711	0.8799763346497918496373416184
0.68358746274284767084486896859	0.877267789483206192025114116
0.68295157849844113877384417391	0.8745363680555072468479874201
0.68230108182591384947716988273	0.8717822872110975325645090562
0.6816360629281682186210719737	0.8690057685815962110058576863
0.68095661301537468575509001933	0.8662070385016185525308382109
0.68026282428679220738267520999	0.863386327923631386829317637
0.6795547899124441686943946134	0.8605438723309420185258926419
0.67883260401465421572271263254	0.8576799116482667500478873547
0.67809636164944962871304553336	0.8547946901530773940428712378
0.67734615878783775775640023458	0.8518884563823907685390168182
0.67658209229696103933637295473	0.8489614630415779900149451521
0.67580425992113903259657987136	0.84601396690883037677173474
0.67501276026280211271646026112	0.8430462287404985509766149633
0.67420769276332229488637731552	0.8400585131738241058975818953
0.6733891576837508627098118827	0.8370510886300813899479974978
0.67255725608546646977690781327	0.8340242272147664042134831118
0.67171208981074161476775672639	0.8309782046187918372561231604
0.67085376146323254576736007295	0.8279133000169333085913048326
0.66998237438840218934806971356	0.8248297959665956639907518379
0.66909803265387975595668938656	0.8217279783052420298948205725
0.66820084102976339613285427079	0.8186081360475324339952355093
0.66729090496887587422271142162	0.815470561281130970801026666
0.66636833058697607861835312747	0.8123155490624225554081770233
0.66543322464293606732503459312	0.8091433973114433606888802625
0.66448569451888709579775801654	0.8059544067063443405728050458
0.66352584820034406309805334533	0.802748880577528443447392953
0.66255379425631329074971722729	0.7995271248010346073335442051
0.66156964181939070250915987227	0.7962894476924860837273608755
0.66057350056585608260671193077	0.793036159899651091329578381
0.65956548069577187084380250567	0.7897675742954397793172953186
0.65854569291309112523746343673	0.7864840058710816291378691328
0.65751424840577908420707931476	0.783185771628340584292308592
0.65647125882596265157238186493	0.7798731904730775528828778563
0.65541683627010140538703354171	0.7765465831067911218294719733
0.65435109325920002538846090137	0.7732062719205197792299578996
0.65327414271905626500436703116	0.7698525808875625256116238386
0.65218609796056061714860001927	0.7664858354566372751814408571
0.65108707266004539498816801376	0.7631063624455849935949773835
0.64997718083969531149349206368	0.7597144899350806976807360755
0.6488565368480212392141686502	0.7563105471632300817270857967
0.64772525534040726286599155525	0.7528948644198130826448416687
0.64658345125973126204155101639	0.7494677729417401120128179249
0.64543123981706922256182480852	0.7460296048087690438526450403
0.64426873647248778307561707843	0.7425806928398335113871361843
0.64309605691592940098051023863	0.739121370489895734684960352
0.64191331704819523610257779442	0.7356519717476223983917573277
0.6407206329620334557628886405	0.732172831033921833065054031
0.63951812092333581576338140368	0.7286842831009463967897171903
0.6383058973524485846753328696	0.7251866629320683707647015235
0.63708407880560270537354156078	0.7216803056428180769424524782
0.63585278195646803820918221563	0.7181655463827252098957880559
0.63461212357783650701432944592	0.7146427202377910967871588493
0.63336222052343883716336736045	0.7111121621344891834509026991
0.63210318970989946389299903767	0.7075742067443304598140454379
0.6308351480988340803932878913	0.7040291883895994066719594104
0.62955821267909416318743179453	0.700477440950555612316500028
0.62827250044916292569054989982	0.6969192977734191922793316202
0.6269781283997060239588561776	0.693355091579152235351705649
0.62567521349628308132218645454	0.6897851543744929937950930395
0.62436387266222072323172954986	0.6862098173635768599075820083
0.62304422276165408291549023122	0.6826294108602961550949086986
0.62171638058273853732341294896	0.6790442642032245644351747107
0.6203804628210359013497244487	0.6754547056708109972449987297
0.61903658606307837227459973698	0.6718610623983446773791796349
0.61768486677011362020091390544	0.6682636602964582892242765558
0.61632542126203413771397460045	0.6646628239704826937826677856
0.61495836570149407124551001572	0.6610588766417525895547855841
0.61358381607821606539682562646	0.6574521400701511623503575489
0.61220188819349194837756098175	0.6538429344780217127754017043
0.61081269764487896837880011237	0.6502315784758581085054177798
0.60941635981109308441239275861	0.6466183889890387573159529224
0.60801298983710765534613023047	0.6430036811865858967961244074
0.60660270261944972692694015583	0.6393877684109967021941572636
0.60518561279170593228300726287	0.6357709621099385780909725339
0.60376183471023486422316408528	0.6321535717693467872980060884
0.6023314824400892209851977694	0.6285359048480627069595425288
0.60089466974114967932359912125	0.6249182667142357711672409599
0.59945151005447217544745831963	0.621300960583091555173893166
0.59800211648885031101727286809	0.6176842874562853318693633515
0.59654660180759435971315645116	0.6140685460632332148771397308
0.59508507841552840380623668359	0.6104540328034285445786872168
0.59361765834620680088631405443	0.6068410416909080571732502142
0.59214445324935138635859536578	0.6032298643001251769537195798
0.59066557437851022224779785026	0.5996207897132961425315768514
0.58918113257893919044369856341	0.5960141044696494830372855074
0.58769123827570717175432152587	0.5924100925160399770944231512
0.58619600146202546403441491779	0.5888090351592434158066876621
0.58469553168780234607221669373	0.5852112110201578663496323872
0.58318993804842328730158439296	0.5816168959888848806498593142
0.58167932917375708661587678247	0.5780263631823868297281600441
0.58016381321738857378319420136	0.5744398829028845250096240427
0.57864349784607801556745364947	0.5708577225983376769392443618
0.57711849022944716146769853783	0.567280146824383514755150404
0.57558889702989259667784247472	0.563707417207825716448661617
0.57405482439272579474694617464	0.5601397924117403273779968268
0.57251637793653982393639873039	0.5565775281021130840551774301
0.57097366274380298361882323828	0.5530208769160518006345929089
0.56942678335167844983293707549	0.5494700884315233033831897702
0.56787584374306989297608562218	0.5459254091386621336619009557
0.56632094733789352740615706746	0.5423870824125312839331579291
0.5647621969845701341149984465	0.5388553484874380791587049445
0.56319969495175190186587052489	0.5353304444327427758962967057
0.5616335429202606825872962543	0.5318126041301257524631298598
0.56006384197525558771523600818	0.5283020582523382908322493832
0.55849069259862374119030909963	0.5247990342433705627173796391
0.55691419466158385984004342186	0.5213037563000939481900026239
0.55533444741752342995194201258	0.5178164453553058290466339047
0.55375154949503882375331667509	0.5143373190621616859254422003
0.55216559889120436552207861102	0.5108665917799981668429488474
0.55057669296505338345506219755	0.5074044745615057896974874268
0.54898492843127488993081894279	0.5039511751413035180912987273
0.54739040135412519697470320491	0.5005068979257831559523498163
0.54579320714154851507471841604	0.497071843984251611042741265
0.54419344053951391866619218649	0.4936462110414304277340158045
0.54259119562655385782494920828	0.4902301934712273762816578006
0.54098656580851878623430615187	0.4868239822915777696571024505
0.53937964381353274957538382727	0.4834277651608054163920865688
0.53777052168715275146999346488	0.4800417263749629956729635869
0.53615929078773242241493294021	0.4766660468664487667815587136
0.53454604178199175693986555174	0.473300904203797083626372224
0.53293086464077146123738902333	0.4699464725925666333271857945
0.53131384863500065996979012524	0.4666029228774016749732239894
0.52969508233184935923193048252	0.4632704225451648664383883275
0.52807465359107670328394473396	0.4599491357291508303454248053
0.52645264956157158343875552146	0.4566392232143722647094439961
0.52482915667808448182258281099	0.4533408424438707169573757726
0.52320426065813712683314914626	0.4500541475260263134962925391
0.52157804649912657673979809585	0.4467792892428830000615203746
0.51995059847561283558492350279	0.4435164150594289158208126375
0.51832200013677284186065985617	0.4402656691338061065367418359
0.51669233430405503007465077448	0.437027192328479026956743631
0.51506168306898879400680351336	0.433801122222262952174558701
0.51343012779118179139409038216	0.4305875931232552982059354428
0.51179774909648092342312226198	0.4273867360826065859351031814
0.51016462687531030575696854908	0.42419867890913681798719657
0.50853084028116263117495923866	0.4210235461847349018839567074
0.50689646772927802192935136025	0.4178614592805891627056183192
0.50526158689545896042761654499	0.4147125363741325465125433491
0.50362627471506229528889910137	0.4115768924667576603068172329
0.50199060738214294433930186817	0.4084546394022451330338859394
0.50035466034875434470816549075	0.4053458858858906036220583386
0.49871850832440254260655039897	0.4022507375043096831170385169
0.49708222527564694226693477356	0.3991692967458822289359762028
0.49544588442584904624982984346	0.3961016630218500869778528764
0.4938095582550712662364703921	0.3930479326879953992608700687
0.4921733185001166922387315626	0.3900081990669497886761475447
0.49053723615469959795436913286	0.3869825524710141588290738096
0.48890138146978068249630011028	0.3839710802255945373062291782
0.48726582395400433163692736772	0.3809738666930973754860451379
0.48563063237428353971818108761	0.3779909932973649736210717547
0.48399587475653572888142187325	0.3750225385486050054036638521
0.4823616183865095042915829716	0.3720685780687500854019476589
0.4807279298107574461639426351	0.3691291846172734115563145425
0.4790948748377396344416758028	0.3662044281174571385336963845
0.4774625185390334848658485674	0.3632943756830264126343595076
0.4758309252506681319624299803	0.3603990916452371173663959419
0.47420015857456904693998429543	0.3575186375801634884563025185
0.47257028138013195457230421418	0.3546530723365545640983515782
0.47094135580589393383704625045	0.3518024520639470491703361118
0.46931344326130840274012053962	0.348966830240887942872323698
0.46768660442864614191879983286	0.3461462577038078608492542727
0.46606089926497557318098474914	0.3433407826758859070924923031
0.46443638700428073898229316695	0.3405504507962920560212603368
0.4628131261596338465496990633	0.3377753051496557661786375279
0.4611911745254981594037683608	0.3350153862957098010883773111
0.45957058918011256606175154962	0.3322707322992808642377340379
0.45795142648797075961815680997	0.3295413787602519343169762192
0.45633374210239262913425935189	0.3268273588439657732260954477
0.45471759096816614693946937248	0.3241287033114953809939935758
0.45310302732432012054271001984	0.3214454405503334007226933471
0.45149010470692245997795495985	0.3187775966050546569939084803
0.44987887595198558405269052865	0.3161251952080612071732824182
0.44826939319848483223651640037	0.3134882578106348325281683266
0.4466617078913752713315084139	0.3108668036137946597044231673
0.44505587078476125792401362247	0.3082608495994622557796642817
0.44345193194509255233800761348	0.3056704105615591643429636266
0.44184994075444966942286385692	0.3030954991372046524104087385
0.44024994591387853511810286633	0.3005361258378949503155016032
0.43865199544681248322761119761	0.2979922990807701930230065882
0.43705613670256212468230257714	0.2954640252198556334999799366
0.43546241635982617940225880551	0.2929513085772706623163994854
0.43387088043030964792096536421	0.2904541514744719026323818372
0.4322815742623768216877217336	0.2879725542634458863644430119
0.43069454254476283254527594035	0.28550651535786962928969409
0.42910982931034110019550711352	0.2830560312642146837963466357
0.42752747793994731274849842246	0.2806210966128059340337968295
0.42594753116622124589109314442	0.278201704188771397848230835
0.42437003107757836950248360308	0.2757978449630087940569735767
0.42279501912211966284925377714	0.2734095081229341841218105064
0.42122253611166610138367747653	0.2710366811032272866763022625
0.41965262222580510054365108202	0.2686793496164331223914868573
0.41808531701598246926384293309	0.266337497683449303146013475
0.41652065940963924533415210273	0.2640111076639090850866462003
0.41495868771435455779343396126	0.261700160286370915822487269
0.41339943962210681113358655356	0.2594046346784929822454602171
0.41184295221344254471581367765	0.2571245083968781198075631519
0.41028926196180230679872225099	0.2548597574569383729644203285
0.40873840473779884651387020119	0.2526103563624858850270360224
0.40719041581355394544339434038	0.2503762781351943250577974234
0.40564532986705901010011424863	0.2481574943438793202140727102
0.40410318098655640103804767632	0.2459539751336183311287029232
0.4025640026749571711974395618	0.2437656892545307096154015465
0.40102782785426761429294356764	0.241592604090708619644881415
0.39949468887004894449632236193	0.2394346856885146249977000736
0.3979646174959026999493577348	0.2372918987850055415498178263
0.39643764493794056672604658013	0.2351642068360817147234275656
0.39491380183931638761839060201	0.2330515720440966663289165891
0.39339311828474819629102414163	0.2309539553857924702079255788
0.39187562380506284704388464825	0.2288713166395831645333731303
0.39036134738175729564869047359	0.2268036144128488834863687132
0.38885031745153493187058873141	0.2247508061687117187650326962
0.38734256191095157317491534544	0.2227128482530756206616129243
0.38583810812093768600157202462	0.2206896959206722757448884812
0.38433698291142909472747024811	0.2186813033617440800090073364
0.38283921258596563894055792227	0.2166876237277372565124215152
0.38134482292630139661356424337	0.2147086091571643650654901465
0.37985383919702194305261438684	0.2127442108010202725804386663
0.37836628615017068119087927455	0.2107943788480323428151325388
0.37688218802982911522272614249	0.2088590625496557325221962534
0.37540156857683495116495761268	0.2069382102447201935445496356
0.37392445103328751853292876039	0.205031769383930572471496301
0.37245085814726498001422833151	0.2031396865539414669076634457
0.37098081217740364516950759314	0.2012619075013900264601139923
0.36951433489753497855117385179	0.1993983771563194914112250256
0.36805144760127761509144064329	0.1975490396557332365024001435
0.36659217110669741079147449794	0.1957138383667245743922384749
0.36513652576085304634241243227	0.1938927159090208516685741494
0.36368453144444870350890023893	0.1920856141777856527639554754
0.36223620757640678504358177003	0.1902924743656316112971143343
0.36079157311845223955080182448	0.1885132369848748623919175799
0.35935064657969296136391433974	0.1867478418890156304465644556
0.35791344602121493957811690607	0.1849962282943901046083656235
0.35647998906059727356359977696	0.1832583348009762033642522186
0.35505029287644652268726011631	0.181534099413639315842032769
0.35362437421302695167580099115	0.1798234595624217154635924613
0.3522022493846778670870841259	0.1781263521230156849127297186
0.35078393428039306734097717335	0.1764427134368615453204217495
0.34936944436822901707418515064	0.1747724793305737179037025588
0.34795879469993853082941030044	0.1731155851358234199793392393
0.34655199991528474321464538682	0.1714719657082369041798183643
0.34514907424656948547157829788	0.1698415554464437804669302621
0.34375003152306227250635693781	0.1682242883106996871099839624
0.34235488517537121141380398017	0.1666200978411775047994810784
0.34096364823991410123843142168	0.1650289171761723147768494064
0.33957633336325831033065972907	0.1634506790698099376159658697
0.33819295280646912338516381092	0.1618853159096566787931788119
0.33681351844949671043746191564	0.1603327597338839547101915868
0.33543804179547208060170911192	0.1587929422484390661753280328
0.33406653397501503408698524035	0.1572657948435575687753630736
0.33269900575050231571817314866	0.1557512486103548870941815364
0.33133546752042231780266848355	0.1542492343570010138452867187
0.32997592932341650939680949966	0.1527596826245333067211315176
0.32862040084276689368634551112	0.1512825237027101615922935136
0.32726889141029962711586205145	0.1498176876450685971272070789
0.32592141001085061420841591343	0.1483651042845085726165900003
0.32457796528619475796757044047	0.1469247032477361005769525873
0.32323856553927486290510679409	0.1454964139701414617913669075
0.32190321873828676035058117756	0.1440801657099641125387647896
0.3205719325207598467557056927	0.1426758875626028220548548421
0.31924471419761170804377124463	0.1412835084742295037795938057
0.31792157075719555634860278582	0.1399029572555739641075342329
0.31660250886922049055670907349	0.1385341625950945679064195174
0.31528753488890876080938709937	0.1371770530722782838981843942
0.31397665486079785779768453158	0.13583155717032010595209873
0.31266987452265426780941044248	0.1344976032887643362022625435
0.311367199309518699258848734	0.133175119755919028421509433
0.31006863435747720219885882789	0.1318640348409772276067643812
0.30877418450754878102755339704	0.1305642767658869374222029419
0.30748385430946476655392248399	0.1292757737169780088801170119
0.30619764802553437951682013297	0.1279984538564487660960003568
0.30491556963436849964461018924	0.1267322453335415138230113226
0.30363762283463687477682766293	0.1254770762954655580417711627
0.30236381104877996880093239323	0.1242328748981881966499580589
0.30109413742670042576119049497	0.1229995693169310259011785354
0.2998286048494208744201134627	0.1217770877564659008794413181
0.29856721593272007793145540225	0.1205653584612026730992070807
0.29730997303073591271016008246	0.1193643097250274087250044127
0.29605687823954283345115095211	0.1181738699009807851306779903
0.29480793340070084482423955314	0.1169939674106714775717897786
0.2935631401047764910012610204	0.1158245307535209590334364127
0.29232249969483533744709282397	0.1146654885157640303618517444
0.29108601326990630899972156819	0.1135167693792831264988961169
0.289853681688399666172481937	0.1123783021301989969674633644
0.2886255055715927966216427235	0.1112500156673602822342639547
0.2874014853068481784476059589	0.1101318390104113559472056675
0.28618162105118611115901453456	0.1090237013080234796869851386
0.28496591273443684550270278766	0.107925531845570423058302227
0.28375436006248625307705981892	0.106837260052727616977992377
0.2825469625207496772165546515	0.1057588155111190001043823711
0.28134371937730747680320632497	0.1046901279614943649899375069
0.28014462968600525225792582703	0.1036311273107232380613796082
0.27894969228980915025379090693	0.1025817436388609245458544831
0.27775890582384598847852753644	0.1015419072057819528888631957
0.2765722687185620079589371688	0.1005115484577693252181766648
0.27538977920280947375772022901	0.0994905980338913838073538572
0.27421143530691212425246054986	0.098478986772219681088754657
0.27303723486570229611031836548	0.0974766457158702918979622607
0.27186717552152970269869502252	0.0964835061188921248239689725
0.27070125472724147415039508253	0.095499499451978239754937364
0.26953946974913456075547958278	0.0945245574080310868509935683
0.26838181766987533803046496263	0.093558611907553565821141313
0.26722829539140134331614659063	0.0926015951039024367307576209
0.26607889963773541023238791446	0.0916534393883331314838293024
0.26493362695802220478549161686	0.0907140773950999130039274191
0.26379247372904260908570979439	0.0897834420060066062883264693
0.26265543615820172979048576295	0.0888614663552148937677423072
0.26152251028626987244758054748	0.0879480838337339820093986836
0.26039369198988691288676524473	0.0870432280935982815314491772
0.25926897698473089064998126227	0.0861468330524624612318376823
0.25814836082771318277410484984	0.0852588328972914402534359456
0.25703183891986831911334448982	0.0843791620885375070699530632
0.25591940650891903526641288679	0.0835077553638408199922497787
0.25481105869187578967916317148	0.0826445477417882602236190642
0.25370679041758893765158970359	0.0817894745254235327029809897
0.25260659648936589617279091959	0.0809424713057416280213982738
0.25151047156714720456433183221	0.0801034739647377992019099729
0.25041841017063404765215386583	0.0792724186790796549620997577
0.24933040668111814197875716939	0.0784492419226880263338520957
0.24824645534421200173056662082	0.0776338804699129771377518831
0.24716655027221039827523953189	0.0768262713983223277925687803
0.24609068544645205833861562946	0.0760263520914012448685634128
0.24501885471968571036075274185	0.0752340602411882794227131263
0.24395105181839047804297155138	0.0744493338507163893394358909
0.24288727034507270856130276281	0.0736721112364374035031320658
0.24182750378055721350051180085	0.0729023310304918156149591663
0.24077174548621898730101649614	0.0721399321828749364471821685
0.23971998870621869686075019095	0.0713848539635197901754848059
0.23867222656970949503401716344	0.0706370359642695160287221808
0.23762845209298721798621963798	0.0698964181007404456770852068
0.23658865818167794678843136168	0.0691629406141132160533600337
0.23555283763282522922717281409	0.0684365440728367973735168735
0.23452098313702193480118793011	0.067717169374180411792497764
0.23349308728047100691002966235	0.0670047577457569428994849602
0.23246914254703501693200592879	0.0662992507469189818153656415
0.23144914132028344787435031567	0.0656005902701173113778667787
0.23043307588548183187725222913	0.064908718542137099896654032
0.22942093843157802952570826441	0.0642235781252095294020159848
0.22841272105315966429775793544	0.0635451119181326161598244497
0.22740841575238991415385087033	0.0628732631572493786464092954
0.22640801444091785577909382689	0.0622079754173610066899930283
0.22541150894177431712297108144	0.0615491926125767671388631952
0.22441889099122488058188608154	0.0608968589970615297310311536
0.22343015224061964756766264255	0.0602509191657463902840853534
0.22244528425821759986242390172	0.0596113180549120643551021253
0.22146427853098368265355682788	0.0589780009427975858902360515
0.22048712646635932219502747429	0.0583509134499909262994239687
0.21951381939401912549398655992	0.0577300015399330674504321603
0.21854434856761632564511748955	0.0571152115191941292092423053
0.21757870516647346641376802592	0.056506490037765399232055322
0.21661688029728401218771546982	0.0559037840893124877188008714
0.2156588649957823582595606287	0.0553070410113002216156841426
0.21470465022839026558947099266	0.0547162084850731298400582667
0.21375422689383531059783712297	0.0541312345359316115209441878
0.21280758582476950586565740517	0.0535520675330838228246144908
0.21186471778934403966732847949	0.0529786561895638926853106348
0.2109256134927869893287352766	0.0524109495621160183493219855
0.2099902635789342306305556205	0.0518488970510096923531073612
0.20905865863176213458438740479	0.0512924483997787037471483918
0.20813078917689544809147813585	0.0507415536949473923692714153
0.20720664568308572841513513785	0.0501961633657071713013865043
0.20628621856368590087823818654	0.0496562281834875380013701372
0.20536949817808675754797254288	0.0491216992615703292482139735
0.20445647483315760317051020005	0.0485925280545638931575733318
0.20354713878464088164294754408	0.0480686663579145315247252631
0.2026414802385603718515081924	0.0475500663073123844396220511
0.20173948935257410639360924961	0.0470366803780943344628315747
0.20084115623733823606047278369	0.0465284613845790392800822026
0.1999464709578385415677338075	0.0460253624793807921031498742
0.19905542353471291950598269877	0.0455273371526772948859157605
0.19816800394554293871787204721	0.0450343392314346535682282869
0.19728420212613656641326480477	0.0445463228785984556939627831
0.19640400797179994363982968535	0.0440632425922586450034524745
0.19552741133857266128235151687	0.0435850532047528360975352729
0.19465440204446627210739901053	0.0431117098817725735117305855
0.19378496987066833737741594189	0.0426431681214019929421707481
0.19291910456274307468948820378	0.0421793837531410198837115355
0.19205679583181213940760502507	0.0417203129369076666152681208
0.19119803335570902112289206333	0.0412659121619788767866403456
0.19034280678013338531745363949	0.0408161382459340773179133049
0.18949110571977542777289495262	0.0403709483335566138674079034
0.18864291975943228047911142078	0.039930299895699637251950116
0.18779823845509958392363026882	0.0394941507281491200389185958
0.18695705133506670693770096101	0.0390624589504145059579141657
0.18611934790096745430284282984	0.0386351830045605616485659265
0.18528511762884307872313242679	0.0382122816539730373935110922
0.18445434997016983391425710705	0.037793713982084321636440031
0.18362703435288847623254623266	0.0373794393911282048159150863
0.18280316018240564792674718446	0.0369694176008102978031122538
0.18198271684258291100087988152	0.0365636086470445674893170518
0.18116569369671645656031798907	0.0361619728805634147449970389
0.1803520800884995406142056404	0.0357644709655877917078222252
0.17954186534297205696530006381	0.0353710638784542897010717101
0.17873503876744816724361902335	0.0349817129061879321094509768
0.17793158965244206616465218867	0.0345963796451565394939336163
0.17713150727257472324056908833	0.0342150259995742502270652443
0.17633478088746068685360291816	0.033837614180102152440608413
0.17554139974259271782708638886	0.0334641067023636717077680591
0.17475135307020736147232465579	0.0330944663854900738799083906
0.17396463009013322210551346009	0.0327286563506175261904645419
0.1731812200106312987984370063	0.0323666400193784540553087959
0.17240111202922253860865605833	0.0320083811124129561129720356
0.17162429533351082462574458365	0.0316538436478215927495139046
0.17085075910196808715989583625	0.0313029919396178469144551582
0.17008049250472954136309121808	0.0309557905962184069083274871
0.16931348470437215800256308171	0.0306122045188160728976196367
0.16854972485668104692269444083	0.03027219889985369853136777
0.16778920211139439466096184117	0.0299357392214610064341740499
0.16703190561294616122407896827	0.0296027912537838955101547397
0.16627782450119910794186009269	0.0292733210534876462386976035
0.165526947912158412380500851531	0.0289472949620774257100320361
0.164779264978676510081083902124	0.0286246796042762798392496866
0.16403476483114547509177277316	0.0283054418864819505458819135
0.163293436598184106624505524531	0.0279895489950520884773211086
0.162555269407305708388070578201	0.0276769683947111218442306487
0.161820252385579817270600764691	0.027367667826900720661673321
0.161088374660286805979190091879	0.0270616153081367147616018784
0.160359625359548932213535977273	0.0267587791283330681679508584
0.159633993612963290978348974603	0.0264591278491981540682588752
0.158911468552218841582287254826	0.0261626303025192288403473246
0.158192039311706449098153236925	0.0258692555885306020961189665
0.157475695029114355365516651149	0.0255789730742255954196782984
0.156762424846016283612846065565	0.0252917523916917035731722271
0.156052217908444155929409627012	0.0250075634364799626914549028
0.155345063367470640476008999252	0.0247263763658345098656227638
0.154640950379746014668956589481	0.0244481615971271525774808533
0.153939868108066271362657761607	0.0241728898060653423825497204
0.153241805721899643109688410587	0.023900531925123345153708181
0.152546752397920046282493523125	0.0236310591417784726869801252
0.151854697320527953435050182412	0.0233644428968503671883106399
0.151165629682362230485947699912	0.0231006548828270786496807856
0.150479538684797164101032716244	0.022839667042206112432083959
0.149796413538448705653448772378	0.0225814515657608760308009955
0.149116243463640057105248178212	0.0223259808908974145331143435
0.148439017690896556443203440761	0.0220732276999398452200898714
0.147764725461398726890154399505	0.0218231649185091959148568685
0.147093356027449619789762439994	0.0215757657137770500686684631
0.14642489865291817018762849375	0.0213310034928219417694322714
0.145759342613693173382436827232	0.0210888519009863023247183874
0.145096677198104702855501187167	0.020849284820121943668837757
0.144436891707356018393598463903	0.0206122763670052288568049312
0.143779975455941085101093135775	0.0203778008916177513437138958
0.143125917772059953171239568753	0.0201458329755005554040380825
0.142474707998010979147671874183	0.019916347430079469208672347
0.141826335490594971924688633476	0.0196893192950423983457343858
0.141180789621498028745920535767	0.0194647238366172549149203136
0.140538059777670152050606018459	0.0192425365460007376888273843
0.139898135361710752053197180269	0.0190227331376500872416943029
0.139261005792210247877550032444	0.0188052895476652174876553019
0.138626660504131480826775088951	0.018590181932152846937107061
0.137995088949149127334368932836	0.0183773866655660149220214211
0.137366280596002035160870189749	0.0181668803391075079920869465
0.136740224930818397671494123847	0.0179586397591033771156443525
0.136116911457454868695526720325	0.0177526419453343435115476369
0.13549632969783076903913793826	0.0175488641294835410075065024
0.134878469192223705760040334899	0.0173472837534921187934175563
0.134263319499589096923740983354	0.0171478784679488973386049862
0.133650870197877978574135186871	0.0169506261305223385525316064
0.133041110884316696751293971602	0.0167555048043217642085900284
0.132434031175712455882614825921	0.0165624927563630928639986892
0.131829620708722374128934588231	0.0163715684559355888036396255
0.131227869140161827419191330861	0.016182710573067509235631741
0.130628766147249232235612360604	0.0159958979769270303051496336
0.130032301427890202149225861032	0.015811109734276305118973451
0.12943846470093327625078111255	0.0156283251079068108029022054
0.128847245706434193846758611183	0.0154475235550934134575020923
0.128258634205894821212520178172	0.0152686847260451047299623019
0.127672619982518368987177386113	0.0150917884623719023359910763
0.127089192841446018429635911201	0.0149168147955555602069703655
0.126508342609984956268757062905	0.0147437439454182821747546325
0.125930059137853225137222688511	0.0145725563186215433882523333
0.125354332297385074689523388269	0.014403232507136777030737736
0.124781151983759394344747119468	0.0142357532867616203607099983
0.124210508115211255106632812884	0.0140700996156097212966656555
0.123642390633240493197201565862	0.0139062526326380504369798496
0.123076789502815478341942818734	0.0137441936561505036917225326
0.122513694712569212998291333244	0.0135839041823392779626740099
0.121953096274995110414844739975	0.0134253658838118977854108794
0.121394984226633574221793916981	0.0132685606081297924285864362
0.120839348628258235483817155771	0.0131134703763680445830989311
0.120286179565056627751589079734	0.0129600773816690030552368185
0.119735467146798744477821747966	0.0128083639878011138062323589
0.119187201508020619259152220341	0.0126583127277411644712928258
0.118641372808158161914727632855	0.0125099063022452717363266685
0.118097971231768929305035434481	0.0123631275784522683573447362
0.11755698698861555055778838953	0.0122179595884617772268351585
0.11701841031387655651270959951	0.0120743855279561230736859378
0.116482231468266727797404763643	0.0119323887547984615595828992
0.115948440738187166401887634702	0.0117919527876621315195009189
0.115417028435878554928287113178	0.0116530613046607685772200323
0.114887984899542883866372079947	0.011515698141974727978224065
0.114361300493453920406326412006	0.0113798472925039593965692148
0.113836965608160028298723385774	0.0112454929045276858286927324
0.113314970660524437305421990717	0.0111126192803445828283596873
0.112795306093897723578181915394	0.0109812108749601143487022747
0.112277962378218347026455234955	0.0108512522947658076534388967
0.111762930010125133849132490814	0.0107227282962077578291458962
0.111250199513076363598214525271	0.0105956237844976012850321259
0.110739761437449032366819761637	0.0104699238123009116709514199
0.110231606360644977636767853723	0.0103456135784630221419746543
0.109725724887189945818620662582	0.010222678426718120382909978
0.10922210764882891322201245742	0.0101011038444181455322522474
0.108720745304621112537447465678	0.0099808754612591779394642199
0.108221628541028060453925429934	0.0098619790480483579412944154
0.107724748072001596508107992729	0.0097444005154353517007808249
0.107230094639065294274248036716	0.0096281259126725422084307271
0.106737659011393281000784189883	0.0095131414263978628376105985
0.106247431985897064748035279684	0.0093994333794067264775834168
0.105759404387285803463666198204	0.009286988229423905337338573
0.105273567068144576702210518465	0.0091757925679165721220051091
0.104789910909002111092473295494	0.0090658331188799684811301796
0.104308426818397081654900774481	0.0089570967376568419553395999
0.103829105732934022616880699988	0.0088495704097596672799917027
0.103351938617352471551537815206	0.0087432412496778709757254973
0.102876916464577414356357597402	0.0086380964997381710078788722
0.102404030295771319626648528089	0.0085341235289268792591929729
0.101933271160399246587617936735	0.0084313098317538732633595931
0.101464630136257484506185435072	0.0083296430271021018978616947
0.100998098329532523506021030325	0.0082291108571061344529880102
0.100533666874842269363578610336	0.0081297011860210328353186525
0.100071326935281452760507761967	0.0080314019991063697932482601
0.099611069702440197054393649417	0.0079342014015181096571032313
0.099152886396471665158701304686	0.007838087617213269644235244
0.098696768266103673732947981423	0.0077430489878543636897165828
0.098242706588672327726083529769	0.0076490739717268247201769183
0.097790692670167478695789392801	0.0075561511426641246343429421
0.097340717845235164211757196791	0.0074642691889780416681717985
0.096892773477218104277066192111	0.0073734169124012187052527214
0.096446850958177275299744966979	0.007283583227034684960364692
0.096002941708900634276419627071	0.0071947571583032663013523669
0.095561037178939415527805533175	0.0071069278419233364835317218
0.095121128846611553895202861579	0.0070200845228711802391155732
0.094683208219019131631613513276	0.0069342165543654414859111759
0.094247266832055344774098818316	0.0068493133968525801785833006
0.09381329625043309550274842089	0.0067653646170063374229939061
0.093381288067666726176923599849	0.0066823598867282937019995333
0.092951233906094940141454375766	0.0066002889821587495047168247
0.092523125416881258383423789602	0.0065191417826955487298874488
0.092096954280016348536371837268	0.0064389082700272255183788211
0.091672712204315495829077359144	0.0063595785271543559962074077
0.091250390927430243961889484023	0.0062811427374459058760492084
0.090829982215826070146765577373	0.0062035911836760037415402037
0.090411477864791385324192544392	0.0061269142470918506283805915
0.089994869698425480919418481895	0.0060511024064671671234906772
0.089580149569634853229158561162	0.0059761462371879371080219792
0.089167309360119428350279972225	0.0059020364103146136656835601
0.088756340980365966627502617333	0.0058287636916851452628974378
0.088347236369624954466952278874	0.0057563189409981998203913769
0.087939987495910195647579895053	0.0056846931109229296829741493
0.087534586355974983992869498799	0.0056138772462007557494754265
0.087131024975295633428173824808	0.0055438624827653742375278684
0.086729295408052868721120141012	0.0054746400468624017555350856
0.086329389737111660547953596094	0.0054062012541889929231293533
0.085931300073999361070735420007	0.0053385375090170356138881243
0.085535018558883554130176813287	0.0052716403033509348350807148
0.085140537360546120529999531888	0.0052055012160722623331513152
0.084747848676358267060997968118	0.005140111912103128961772332
0.084356944732253536271037789301	0.0050754641415665950471599678
0.083967817782695245395555292594	0.0050115497389631325716093634
0.08358046011066275921100154374	0.0049483606223509939124067937
0.083194864027596691370751018857	0.0048858887925306767308103278
0.082811021873382840228379895945	0.004824126332235774406544183
0.082428926016315167973679792933	0.0047630654053384197555487716
0.082048568853060161711181396081	0.0047026982560556643165756974
0.081669942808623885045094663308	0.0046430172081604525093030773
0.081293040336307993985779274248	0.0045840146642001211043758924