3.3131343621659446967277720694	26.769081933036626736730771535
2.7519633417343029376777949116	13.755058547707714461411213345
2.3618674972431802125624637704	8.148521723094620842668493017
2.0745607058930522248821147484	5.349507965499851965628317116
1.853780282589928638695566416	3.794991274688090085763089482
1.6785257895441964175862878968	2.859540769328321484112826799
1.53583063228410416888409482186	2.2605728346015022119171388536
1.41728693187843030978468420562	1.8578106530940617462970183387
1.3172294870897905737624377984	1.5761791377334278078221905838
1.2317213280664326582377375311	1.3729437518260765179608547016
1.15795491957444348850586966503	1.2224913542970196889262032374
1.09388173453467506204942686713	1.1087811027902534202508300722
1.03797364613407035340067640982	1.0213780159811914665953634914
0.98906388646350336660591299539	0.9532644498172598768532962734
0.94623817973701493493927798023	0.8995807642654093137429087517
0.90875897175489049632145567962	0.8568737833727463634994650711
0.87601249199211120599705313295	0.8226336842633162527137628876
0.84747218646064953347388074488	0.7950002789016418244361156013
0.82267416381206820140048818644	0.7725717023078088903568540475
0.80120145888825295850167496924	0.7542766114925359608248129159
0.78267459635805815072449483712	0.7392867001612704110669087809
0.76674640778110550082590368994	0.7269553911696107384571807475
0.75309946287327346760113385941	0.7167739180956724049663571962
0.74144487102357536995928949226	0.7083392348041548999930524512
0.73152158728229936881515360484	0.7013301645003388241332495381
0.72309569137342796826296786053	0.6954894213042123919226625381
0.71595937470066919881037387491	0.6906099051814744627459380168
0.70992955883977698675251983409	0.6865241598848304030805478668
0.7048461844220432326189371982	0.683096205669880556231773583
0.70057026601655534896211415382	0.6802151734912384643245623151
0.69698182437299452594058239841	0.6777903171313160672495123264
0.69397779862737651490640968916	0.6757470860383022563817973843
0.69147002053225328336440995529	0.6740240190479262305237760603
0.68938330897958801722720202498	0.6725702764117001877780188587
0.68765372094855133804899125877	0.6713436703945472598415836048
0.68622697680583970896375034628	0.6703090870186355742484046785
0.68505706421328144693042910106	0.6694372160223848316993222305
0.68410501543899862243875392268	0.6687035247525513467314683103
0.68333784690220292015592831876	0.6680874259531968261299018763
0.68272764648918965617874465078	0.6675716003363397729087425719
0.68225079280442521239589493327	0.667141443221931139089732617
0.68188729044129451281177393259	0.6667846110266073257873803628
0.68162020609113110343120720011	0.6664906484151046427794517752
0.68143519150607964245241249385	0.6662506808547733333537933094
0.68132008074781357940510195133	0.6660571603776762139794585443
0.68126455062933853878846304426	0.6659036547786568203268511571
0.68125983469074979407905976449	0.6657846723726324316567864365
0.68129848238417417420034171587	0.665695515957623040923446312
0.68137415634937225018347655958	0.6656321608240701656823973148
0.68148146172954579614565556847	0.6655911526195070541652189432
0.68161580240835877236738498262	0.6655695216499820870398708251
0.68177325985232592030970788464	0.6655647108169562067411877691
0.68195049092928711410756974096	0.665574514897288529204863089
0.68214464165674738769576357209	0.6655970292773244450881960151
0.68235327432655075015211252846	0.6656306065834294174396994462
0.6825743058670995852513001675	0.6656738199264431202032626989
0.68280595565247010060730083631	0.6657254316875280376947917608
0.68304670125939665128794144218	0.6657843669689423586867195524
0.68329524091702064150080886752	0.6658496909672667732129882582
0.68355046159812802899896216676	0.6659205896583322964911866412
0.68381141187082879167940490888	0.6659963532806519472947750127
0.68407727877176904388602037839	0.6660763621902894108748061646
0.68434736808065433721994536673	0.6661600747227978935577365661
0.68462108747499798945907033019	0.6662470167660280230195480047
0.6848979321268515118357710677	0.6663367727840325553647682771
0.68517747237254666762140227847	0.6664289780818664789468434735
0.68545934314444769215711150549	0.666523312126959003314924444
0.68574323490226445215679307336	0.6666194927769010989217860199
0.6860288858421815666354387272	0.6667172712805768170192607392
0.68631607519621855828054213866	0.6668164279453062068062448092
0.68660461746293539220549149219	0.6669167683747748247797019303
0.68689435743473670501787454258	0.6670181201977477091686242582
0.68718516590735516663752261851	0.6671203302216548292925652336
0.68747693597423231336716796335	0.6672232619497976571320453221
0.68776957982298196279388406793	0.667326793415672554710178423
0.68806302596334846910520468636	0.6674308152883542732834646735
0.68835721682641927525783426671	0.6675352292168546396228405717
0.68865210668361853095178985059	0.6676399463778835294367083658
0.68894765984144656466690915978	0.6677448862022216916582297034
0.68924384907424820940591824752	0.667849975256879646880954258
0.68954065426266669895720997902	0.6679551462606974723600128897
0.68983806121001595814916169353	0.6680603372184946456361710157
0.69013606061270580756217230707	0.668165490658089475896261018
0.6904346471641853530228920411	0.6682705529569612011019414179
0.69073381877471661911097871356	0.6683754737458714810838374088
0.69103357589172654102299654902	0.668480205383631952061504582
0.69133392090757246165821194847	0.6685847024903673192396716266
0.69163485764334637153146262523	0.6686889215340546807137199128
0.69193639089888027424335896048	0.6687928204642061645375954827
0.69223852606043647940329059232	0.6688963583853707113828022912
0.6925412687587038403877481519	0.6689994952675685614101751198
0.69284462457070069443706395887	0.6691021916874145194499394254
0.69314859876003022394112774277	0.6692044085987958612743441736
0.69345319605066342539433945148	0.6693061071267116039733083702
0.69375842043005526828622060417	0.6694072483839918487689980729
0.69406427497794493328395633203	0.669507793306958485361963662
0.69437076171766317131450325633	0.6696077025083180854168525706
0.69467788148717901286213796523	0.6697069361456189872322384212
0.6949856338274729915421964985	0.6698054538029050015226623114
0.6952940168861321868878854504	0.6699032143844705167706979056
0.69560302733433012968222932022	0.6700001760193855690740671286
0.69591266029558742971988210383	0.6700962959759618456638100924
0.69622290928491159249477090767	0.6701915305842530415276265136
0.69653376615709093402815801128	0.670285835166414626544099595
0.6968452210630712683105702405	0.6703791639736118106843919095
0.69715726241347812925183427204	0.6704714701304713468731106064
0.69746987684846429006285133505	0.670562705583016149933711445
0.69778304921316449272420181154	0.6706528210525530527282486434
0.69809676253812852880775392856	0.6707417659953632312789323088
0.69841099802418179223478516478	0.6708294885634286686005659317
0.69872573503123060517014777934	0.6709159355725353696080562891
0.69904095107058924613618303855	0.6710010524702135697679913122
0.69935662180045778298191279411	0.6710847833094942366405277727
0.69967272102422546877932287632	0.6711670707240358194129915369
0.69998922069131442136335725627	0.6712478559058963815261324783
0.70030609090031329271071301367	0.6713270785865817449616999708
0.70062329990418125888967067305	0.6714046770189545344782392006
0.70094081411732947619807783155	0.6714805879621816371684087352
0.7012585981244106143348243471	0.6715547466683256508074678005
0.70157661469066762252023421276	0.6716270868702433537140921576
0.70189482477371084924646808268	0.6716975407719853389386897641
0.70221318753660835858822883015	0.6717660390395003635827344468
0.70253166036218802012234648798	0.6718325107943358930335104049
0.70285019886846195379914407683	0.6718968836073717550082195932
0.70316875692509438762992240444	0.6719590834946301509213288533
0.7034872866708431222625291633	0.6720190349138327329576298999
0.70380573853191275857916164389	0.6720766607628071909372595501
0.70412406124116477077015715771	0.6721318823788381753521756926
0.70444220185813552750672793064	0.6721846195379993442586060706
0.70476010578981858541621908353	0.6722347904580034393656418135
0.70507771681217210016289501081	0.6722823117994812928879393469
0.70539497709231610946924964825	0.6723270986700625074030492341
0.70571182721138780911765075274	0.6723690646285220390953395002
0.7060282061880258393475938597	0.6724081216906666479866899335
0.70634405150245707970182869813	0.6724441803353282756396080101
0.70665929912116157061151973968	0.6724771495123515557102102718
0.70697388352209297998664160815	0.672506936650119224669380942
0.70728773772043356165540607462	0.6725334476658124772918603259
0.70760079329486383379380445292	0.6725565869743215972407759908
0.70791298041432828241472641889	0.6725762575008932848541595653
0.70822422786527928719811094005	0.6725923606919343894639820374
0.70853446307938220191752243095	0.6726047965286183557923937002
0.70884361216166512141121029142	0.6726134635399383170442695742
0.70915159991909735031545078789	0.6726182588186781274089722335
0.70945834988958096990134334896	0.6726190780357760938497938141
0.70976378437134019993866093607	0.672615815457550220958492229
0.71006782445269347364231658409	0.6726083639628593109505150653
0.71037039004219331489859136024	0.672596615061234269502341195
0.71067139989911921678037880775	0.6725804589124492913103295731
0.71097077166430879771953242721	0.6725597843461262544728548082
0.71126842189131255063268430858	0.6725344788833496280495436834
0.71156426607785751501136696731	0.6725044287572939503029395414
0.71185821869760519493791052956	0.6724695189370710698470817742
0.71215019323218902524052532115	0.6724296331508220997601192812
0.71244010220351665447305717868	0.6723846539100855022699862273
0.71272785720632227678804061817	0.672334462535370383962049111
0.71301336894095419966586611339	0.6722789391820228447378751243
0.71329654724638279571621434484	0.6722179628676247601879020261
0.71357730113341394448746050867	0.6721514114997729921061012276
0.71385553881809303555911613569	0.6720791619048264978727478423
0.71413116775528457577236162561	0.6720010898576789512948364738
0.71440409467241242133712151224	0.6719170701122044222651894902
0.71467422560334564415961368002	0.6718269764326364955039260582
0.71494146592241503849150921512	0.6717306816257949082958180165
0.71520572037854528431729752227	0.6716280575741399740638946973
0.71546689312948780241695122799	0.671518975269673953242123481
0.7157248877761393695551391754	0.6714033048486578254362169041
0.71597960739693160508347492639	0.6712809156271577584636218731
0.71623095458227649809192853911	0.6711516761374332532860880211
0.71647883146905321277950694313	0.6710154541650933040097008615
0.71672313977512148985210792817	0.670872116787057665694223188
0.71696378083384705775795339345	0.6707215304103437579557343674
0.71720065562862457011884836126	0.6705635608116598708886366231
0.71743366482738370528295887466	0.670398073177527648942778507
0.7176627088170641908885800823	0.6702249321457197823591044984
0.7178876877380456562024986906	0.6700440018466560889118591795
0.7181085015185183657229280945	0.6698551459463181404223184137
0.71832504990878104625260418022	0.6696582276892511140410988205
0.71853723251545219080583973092	0.6694531099427877124484728386
0.71874494883558140029018347098	0.6692396552416056960359236311
0.71894809829064751240431345378	0.669017725833135085113057178
0.71914658026043046170081335278	0.6687871837236060128021553163
0.71934029411674401778580692864	0.668547890724704020258165139
0.71952913925701676073961192904	0.6682997085008656244529767608
0.7197130151377088636822941939	0.6680424986172853972886886955
0.71989182130755248322971378503	0.6677761225883847045363532306
0.72006545744060377647031327943	0.6675004419269458036707760126
0.72023382336909480423200717048	0.6672153181937655915572012217
0.72039681911607381100207135996	0.6669206130478803179458369483
0.72055434492782261612616620422	0.6666161882972796047167295715
0.72070630130604009297198542319	0.6663019059501587131511847483
0.72085258903978096032833220538	0.6659776282665465742258604052
0.72099310923713936000022523427	0.665643217810623661274293624
0.72112776335666694377446790905	0.6652985375030999301244083323
0.72125645323851544837006545338	0.6649434506743758315681584926
0.72137908113529398896082117154	0.6645778211178681684001918207
0.72149554974263155679077846004	0.6642015131437488585834584701
0.72160576222943546205557793836	0.6638143916330225301392358093
0.7217096222678367176549652543	0.6634163220919235260389140148
0.72180703406281361451903323314	0.6630071707065662896208111075
0.72189790238148499327482008052	0.6625868043978947979647174808
0.72198213258206497032914114378	0.6621550908768029221080831988
0.72205963064247112892337648263	0.6617118986995047009175145634
0.72213030318857843609982638334	0.6612570973230962859705669668
0.72219405752211139599400586219	0.6607905571611026798956818288
0.72225080164816719748920206056	0.6603121496394572868095224884
0.7223004443023628589297424655	0.6598217472521885694359635789
0.72234289497759961681107230506	0.659319223617469735695150242
0.72237806395043804544436216134	0.6588044535335147328639072897
0.72240586230707763365510020247	0.6582773130345448893682138518
0.7224262019689347798685701349	0.657737679446684075462557605
0.72243899571781340079294130943	0.6571854314438379534642855276
0.72244415722066257866326043609	0.656620449103352714395239713
0.72244160105391590025107015887	0.6560426139619166093121298428
0.72243124272740736510077390201	0.6554518090704941862298577087
0.72241299870785896223637978276	0.6548479190500803036960316428
0.72238678644193523348729306827	0.6542308301465111149906403042
0.72235252437886035754875678752	0.6536004302852274197551858669
0.72231013199259350082100072632	0.6529566091259711588364559975
0.72225952980355839221057208846	0.6522992581165176778921214564
0.72220063939992328409320921153	0.6516282705469082118842347739
0.72213338345842766707849589609	0.650943541602535725848799129
0.72205768576475230544544932567	0.6502449684176652027038879944
0.72197347123342935977807420077	0.6495324501269948875765127064
0.72188066592728955611318849719	0.6488058879185771774226342044
0.72177919707644355494744291129	0.6480651850852229251014440661
0.72166899309679486222213796711	0.6473102470748756815631994231
0.72154998360808181005448721228	0.6465409815417001268967364367
0.72142209945144632085704455545	0.6457572983953007065129736135
0.72128527270652734755057836741	0.6449591098501162552883383897
0.72113943670807706366164279936	0.6441463304737011280850458928
0.72098452606209805146278594498	0.6433188772345309063632586496
0.72082047666149991172183883325	0.6424766695488344920493196749
0.72064722570127388912499553253	0.6416196293267862885807835214
0.72046471169318427763980716013	0.6407476810179381476056101205
0.7202728744799755367235816156	0.6398607516556263547322951119
0.72007165524909421467165159995	0.6389587709006232654396633718
0.71986099654592493795615209338	0.6380416710839451487055305801
0.71964084228653988737457894195	0.637109387248590682418731185
0.71941113776996133989259573186	0.6361618571903782831600533715
0.7191718296899370132618602378	0.635199021497835187858557026
0.71892286614622810615154285068	0.6342208235909968861366082336
0.71866419665541007909297280197	0.6332272097591813287718146321
0.71839577216118637640354667065	0.6322181291977188107485713173
0.71811754504421543688836105668	0.6311935340435856072454824848
0.71782946913145149306598710435	0.6301533794098235061993006484
0.71753149970499980446763292247	0.6290976234191959364022079547
0.71722359351048711894185227544	0.6280262272355108917430730501
0.71690570876494829630866264202	0.6269391550957190633196111041
0.71657780516423018122233902124	0.6258363743387302605652669156
0.71623984388991394311592538359	0.6247178554345128023811894559
0.71589178761575725201030393417	0.623583572010771296366002484
0.71553360051365779264236427307	0.6224335008798194298181514696
0.71516524825913976196702033757	0.6212676220619057693727864281
0.71478669803636512950215391863	0.6200859188098451897520446445
0.71439791854267157878451919434	0.6188883776299108531232380471
0.71399887999263918203752889602	0.6176749883034075382736164014
0.71358955412168799504580068791	0.616445743905433523409091765
0.71316991418920889173407097611	0.6152006408223831387851273624
0.71273993498123008954847078224	0.6139396787691403685475508341
0.7122995928126219483717978533	0.6126628608037389854418682248
0.71184886552884275509100639936	0.6113701933408018166482528818
0.71138773250722833246047511479	0.6100616861643224869097506038
0.71091617465782844218106183868	0.6087373524374238661805813244
0.71043417442379307344435635979	0.6073972087124849730602319799
0.70994171578131183712895789778	0.6060412749384891598236535413
0.70943878423910980698515584528	0.6046695744672700768519906503
0.70892536683750327252128149396	0.6032821340589463160823626644
0.70840145214701898983786988317	0.6018789838842053181730531232
0.70786703026658063495560675595	0.6004601575269240554460351719
0.70732209282126628450455528846	0.5990256919844544676547942582
0.70676663295964086431736867707	0.5975756276661582892094344644
0.70620064535066762291230122112	0.5961100083910391513203062765
0.70562412618020279964242739905	0.5946288813829645951584827048
0.70503707314707777219928052572	0.5931322972662840620167315278
0.70443948545877307731376591417	0.591620310057306018416505223
0.70383136382668880729499456999	0.5900929771564953645948499545
0.70321271046101599528473876394	0.5885503593379594075691990824
0.70258352906521370576105180222	0.5869925207380840611800692152
0.70194382483009665149764290937	0.5854195288423106493235304059
0.7012936044275382616195524215	0.5838314544704723898912738974
0.70063287600379422393506192056	0.5822283717611150274002854946
0.69996164917245162471414218808	0.5806103581535283559341609975
0.69927993500700890446823369673	0.5789774943695911394334951219
0.69858774603309194335631966249	0.5773298643923942634446043034
0.69788509622031168146715923059	0.5756675554454886970041234941
0.69717200097376876922460339854	0.5739906579691278040114033001
0.69644847712521083161530019019	0.5722992655959850721777145176
0.69571454292384801387550107921	0.5705934751250471391793610439
0.69497021802683256109996849328	0.5688733864946279053012614407
0.6942155234894082637268216827	0.5671391027534778822229185539
0.69345048175473567863279930627	0.5653907300310170413977672497
0.69267511664339911240850682006	0.5636283775060567976363816606
0.69188945334260142532170296363	0.5618521573742074015095819554
0.69109351839505278562993574095	0.5600621848146038653181981336
0.69028733968755957033911130623	0.5582585779541050399970133593
0.68947094643931967453697093073	0.5564414578316322092235082466
0.68864436918993055352063987432	0.5546109483606279598221829266
0.68780763978711638111412542428	0.5527671762904713837300366897
0.68696079137418076231912592383	0.5509102711667652928449220717
0.68610385837719149534344019348	0.5490403652905226184899650573
0.68523687649190392431341124076	0.5471575936761969703369908243
0.68435988267042947654641049382	0.5452620940087639258105068457
0.68347291510765601730406260668	0.5433540065996428492954234569
0.68257601322742670096265095122	0.5414334743417033045813655976
0.68166921766848403357330485555	0.53950064266323263464298378
0.68075257027018589528588773904	0.5375556594810271190155907054
0.67982611405800030944753841381	0.5355986751524298786664807135
0.67888989322878576634628704659	0.5336298424266764145924764127
0.67794395313586394135116073608	0.5316493163952236705237199042
0.67698834027389166473773353539	0.529657254441187389547893301
0.67602310226353902392896783934	0.5276538161883574416817153288
0.67504828783598049548601554944	0.5256391634489604389698373803
0.67406394681720600963305675538	0.5236134601709910702006977688
0.67307013011215887169106554765	0.5215768723848194086188170144
0.67206688968870745657073455618	0.5195295681490751865773375829
0.67105427856145761324892208261	0.5174717174958127077789758314
0.67003235077541269762821974485	0.5154034923752501870351919917
0.66900116138948816207643996089	0.5133250666003158647674666165
0.66796076645988761971886928414	0.5112366157890714686152809645
0.66691122302334728933638325721	0.5091383173089989284244702043
0.66585258908025571483488746578	0.5070303502190242390151448566
0.66478492357765564044866914399	0.5049128952117829291859293235
0.6637082863921349002761000388	0.5027861345554275044881411059
0.66262273831261315901384995841	0.5006502520350890524608038596
0.6615283410230313156544366371	0.498505432893781283498019712
0.66042515708495035258607916101	0.4963518637739442729701789125
0.65931324992006638725843260565	0.4941897326566190431622614819
0.65819268379264863154917133834	0.4920192288031290961525265929
0.6570635237919069555484430364	0.4898405426945358474053322247
0.65592583581429568031867443337	0.4876538659716740699306511897
0.65477968654576020295917866185	0.4854593913753831325441685712
0.65362514344393300581461996955	0.4832573126858208900128980293
0.65246227472028554232031148947	0.4810478246619578181185294376
0.6512911493222424624673317871	0.4788311229824108584106631507
0.65011183691526455974452749974	0.47660740418382123401727804
0.64892440786490678896545912558	0.474376865601052865845917191
0.64772893321885762626985967882	0.4721397053076221337087832262
0.64652548468896599235448364289	0.4698961220543887077152559098
0.64531413463326189228747686879	0.4676463152108232738038951097
0.64409495603797685400489570203	0.4653904847044580805609557925
0.64286802249957018637957552145	0.4631288309612976354664131027
0.64163340820676699829402915362	0.4608615548469056349388684806
0.64039118792261385348202796644	0.4585888576070047960073918368
0.63914143696655785468559062013	0.4563109408082879987816339022
0.63788423119655487818398130853	0.4540280062807812814108959697
0.63661964699121258462655951801	0.4517402560586464646431659687
0.63534776123197379819222654611	0.449447892323173553260737832
0.63406865128534566656626208781	0.4471511173448117222171179921
0.63278239498518005159488938235	0.4448501334264623080401262498
0.63148907061501041074273353611	0.4425451428469363329250095545
0.63018875689045039697667322574	0.4402363478045421303121193782
0.62888153294165929529759163984	0.4379239503618279021525408126
0.62756747829587932494364305257	0.435608152390186998363940293
0.62624667286004973311578666907	0.4332891555156896705152245623
0.62491919690350256648363749854	0.4309671610647459114952631178
0.6235851310407447850128019904	0.4286423700110545926244145575
0.62224455621433150400696232882	0.4263149829225447741255584897
0.62089755367783455911991527011	0.4239851999091821097517398066
0.6195442049789116067292087535	0.421653220571697528643585715
0.61818459194247913739895181038	0.4193192439507080561092126539
0.61681879665399434511918169501	0.4169834684762738056375665207
0.6154469014428498354131383951	0.4146460919188514963415749504
0.61406898886588497205727537168	0.4123073113401330213752792276
0.61268514169101849322681072837	0.409967323045363058716670028
0.61129544288100488738816643244	0.4076263225359819552999083634
0.60989997557731999665861652521	0.4052845044630558335546096263
0.60849882308417816712312648818	0.4029420625816896226656210421
0.60709206885268500878862298051	0.4005991897059698500324547159
0.60567979646512909361335009282	0.3982560776652827179000908438
0.60426208961941590314940781104	0.3959129172602160562394647233
0.6028390321136472433402298616	0.3935698982208709561900477369
0.6014107078308492222721489098	0.3912272091650830680533690921
0.59997720072385179720042744553	0.3888850375574366414496085247
0.5985385948003227760263092682	0.3865435696692323572370351136
0.59709497410795906372321122158	0.384202990540186738628481064
0.59564642271983784211177293924	0.3818634839395089196230291778
0.59419302471993024459517757266	0.3795252323289774354776071583
0.59273486418878001138400161571	0.3771884168265687698646868304
0.59127202518934949480837994441	0.37485321717093049504866291
0.58980459175303523370016131452	0.3725198116868303920076873766
0.58833264786585536701810637716	0.3701883772514867418610920211
0.58685627745481083395324933561	0.3678590892618239845193965411
0.58537556437442228847427304598	0.3655321216026519009477017022
0.58389059239344478500866752586	0.363207646615758941834869757
0.58240144518176173815190115588	0.3608858350698350412380391696
0.58090820629745995827541294471	0.3585668561316003268630329116
0.57941095917408730023234963022	0.3562508773373990424020173642
0.57790978710809432703549043179	0.3539380645662287334556107132
0.57640477324646137295762031866	0.3516285820132722580612501057
0.57489600057451234538079753397	0.3493225921646046824735929158
0.57338355190391624604530354347	0.3470202557727593730846995676
0.57186750986087767696705279254	0.3447217318331049020905294331
0.57034795687451719613802255225	0.3424271775613425866484051853
0.56882497516544244165579426898	0.3401367483717081394367620965
0.56729864673451081207806200179	0.3378505978563524045508787798
0.56576905335178440385173568339	0.3355688777652395138463236922
0.56423627654567785370228196253	0.333291737987401376456353163
0.56270039759229966406002207003	0.3310193265326740677567673772
0.56116149750498682803939655281	0.3287517895146843659750396153
0.55961965702403466007292201246	0.3264892711344214317434737617
0.55807495660662063193193705023	0.3242319136649519342744048268
0.55652747641692210502391768873	0.3219798574367755179547690654
0.55497729631643016158852226351	0.3197332408242550436030285414
0.55342449585445752756458446282	0.3174922002327738419884448238
0.5518691542588408071981542418	0.315256870086759244088832451
0.55031135042683859384148884433	0.3130273828186629512880145456
0.54875116291622364057440844046	0.3108038688585941963643050239
0.5471886699365677844706681575	0.308586456624978569894330241
0.54562394934072267131096610115	0.3063752725158759318890628997
0.54405707861649284222217619154	0.3041704409011940922311149468
0.54248813487850200224393575713	0.3019720841157065291530118202
0.54091719486025165311938955265	0.2997803224527832748257470383
0.53934433490637150663187989351	0.2975952741590089830790986451
0.53776963096506099766532746638	0.2954170554294842028906720696
0.53619315858072113498710732444	0.293245780403928577141649853
0.53461499288677594394572815624	0.2910815611635341535303502692
0.53303520859868254755375392465	0.2889245077284618156348075996
0.53145388000712905874954644323	0.286774728056314437047063108
0.5298710809714192510289664285	0.2846323280409832296114586442
0.5282868849130429994851552149	0.282497411512445006800699051
0.5267013648094314078652435154	0.2803700802371961615432152702
0.52511459318789547460073884205	0.2782504339191673374418215171
0.52352664211974705862507438273	0.2761385702018697903328084292
0.5219375832146012085540798858	0.2740345846701735834742610524
0.52034748761485798833012071565	0.2719385708541120986269556066
0.51875642599036314823335331597	0.2698506202319798685108308776
0.51716446853324572433124210006	0.2677708222346844127979927584
0.51557168495293153871022572128	0.2656992642510518787847258765
0.51397814447133110989499964445	0.2636360316328921908936191446
0.51238391581819920682627422126	0.2615812077011025092143960565
0.51078906722666884129533670658	0.2595348737524718343017250298
0.50919366642894994016800230705	0.257497109066843207418699194
0.50759778065220156598163055453	0.2554679909147084216812439027
0.50600147661456685167118399359	0.2534475945654253999211767924
0.50440482052137267201975116894	0.251435993296095800254511392
0.50280787806149729621186014001	0.2494332584008890472550744618
0.501210714403892448667473612	0.2474394592004534431034804737
0.49961339419426992500636521255	0.2454546630523952250163930038
0.49801598155194453766070941014	0.2434789353619296013468841231
0.49641854006683317682992478211	0.2415123395929401505189134846
0.4948211327966082419815162431	0.2395549372794750608099463267
0.49322382226400374822141766657	0.2376067880378385031807697682
0.49162667045427029688463085708	0.2356679495788492656702177402
0.49002973881278300182415113439	0.2337384777207666804264808692
0.48843308824279035545405599526	0.2318184264022431537291286863
0.48683677910331269266195246436	0.2299078476960482900052766044
0.48524087120718118707073578437	0.2280067918228459408888002258
0.48364542381921866791674708663	0.2261153071652841609685276916
0.48205049565455940797179797765	0.2242334402829718764748466137
0.48045614487710454676019503411	0.2223612359268629473572075102
0.47886242909811661800801632045	0.2204987370548018996611213851
0.47726940537494149779391667481	0.2186459848467996257783666707
0.47567713020986579905968279571	0.2168030187209008594638115847
0.47408565954910158498734029904	0.2149698763491498195613608874
0.47249504878189838748125969711	0.2131465936740064802897474024
0.47090535273978033173999420646	0.2113332049245912801730623002
0.46931662569590625560386364587	0.2095297426339625821705772661
0.46772892136455081093222355094	0.2077362376556195848745475715
0.46614229290070459139257604687	0.2059527191810161709510721181
0.46455679289979114968463674563	0.204179214756882965444869778
0.46297247339749894023973210374	0.20241575030283275523861929
0.46138938586972619149583733816	0.2006623501291964530381270604
0.45980758123263704153803971318	0.1989190369549439737013798215
0.45822710984282410284109912943	0.1971858319258580769492565246
0.45664802149758422996963730723	0.1954627546327136888072389699
0.45507036543528898135779579936	0.1937498231298385631335907845
0.45349419033586785234932750197	0.1920470539534104770850197633
0.45191954432138776308117456469	0.1903544621404686209589831667
0.4503464749567292809527531151	0.1886720612473651590137761199
0.44877502925036392925713845829	0.1869998633687781940010305922
0.44720525365522385126944490949	0.1853378791566732498935331902
0.44563719406966513079658385947	0.1836861178392985639570095888
0.44407089583852156672268959223	0.182044587240361159542696044
0.44250640375424778899247839645	0.1804132937981578858230810132
0.44094376205814903086390778149	0.1787922425848411372637545953
0.43938301444169619445417813617	0.1771814373256897181121640784
0.4378242040479239135981079686	0.1755808804184753743846828398
0.43626737347291012873750201212	0.1739905729525686637822572306
0.43471256476733510252935767706	0.1724105147288565960815311262
0.43315981943811463829584612161	0.1708407042785393167725157803
0.43160917845011809772813850776	0.1692811388828813454461887847
0.43006068222794767379000786644	0.1677318145924773350825279291
0.42851437065779861544822988897	0.1661927262467034808025399418
0.4269702830893863798656763784	0.1646638674930372916907335783
0.42542845833794220092272414502	0.1631452308064895446836337079
0.42388893468627523029849824097	0.1616368075088216112689417599
0.42235174988689959812146178565	0.1601385877879190667118244632
0.4208169411642239929450578455	0.1586505607170843479788782264
0.41928454521680283459725928457	0.157172714274135129634944934
0.41775459821964689250470486251	0.1557050353605682763705691505
0.4162271358265906736262550089	0.1542475098207883999698231118
0.41470219317271853947875734669	0.152800122460958131719321903
0.41317980487684149138239284331	0.1513628570680288109837009177
0.41166000504402934733713205252	0.1499356964286790150495968126
0.41014282726819423683012829752	0.1485186223481423758055478919
0.40862830463472127518370965786	0.1471116156686512236560775066
0.40711646972314934714904467321	0.145714656288524805811550138
0.40560735460989733543925292326	0.1443277231802566658671662484
0.40410099087103514477673619748	0.1429507944092001865466918427
0.40259740958509809441008395386	0.1415838471519044966458031796
0.40109664133594297441684346439	0.1402268577141762136281891777
0.39959871621564433933469042776	0.1388798015492710388625611881
0.39810366382742954845036343828	0.1375426532760568232790863228
0.39661151328865113935229007247	0.1362153866965707637361173954
0.3951222932337949329811258651	0.1348979748139563003104575789
0.39363603181752261615566830385	0.1335903898501556142525483366
0.39215275671774773488937239371	0.1322926032631971781749108567
0.39067249513874242741533756815	0.1310045857647042861546738324
0.38919527381427575877210035073	0.1297263073371540688007501867
0.38772111901077988273201134193	0.1284577372507500196859638186
0.38625005653054406949959753399	0.1271988440806471196960280782
0.3847821117149364680863649994	0.1259495957234889767919303091
0.38331730944764887312448603739	0.1247099594142221798509885819
0.38185567415796622001120812869	0.1234799017425891178729645537
0.38039722982405993155206000408	0.1222593886693647521996046691
0.37894199997630030527353535563	0.1210483855426558531599982266
0.37749000770059100488324903877	0.1198468571138882595196998908
0.3760412756417218561413654612	0.1186547675537237463647714704
0.37459582600673964628770158459	0.1174720804677482674184519103
0.37315368056833559244841340997	0.1162987589120289137688886157
0.37171486066824865639508452203	0.1151347654085350422371804771
0.37027938722068330663744531136	0.1139800619603511285079329782
0.36884728071574070345850954022	0.1128346100667357192442703789
0.36741856122286258838514855292	0.1116983707380311009129018412
0.36599324839428633833054512151	0.1105713045104054574999458327
0.3645713614685106393512675229	0.1094533714603767070938039559
0.36315291927377029451120404075	0.1083445312192147340279344041
0.36173794023152000176882105741	0.1072447429871695121641181281
0.36032644235992480899331025642	0.106153965547552408990333276
0.35891844327735835369422474574	0.1050721572805030489819693728
0.35751396020590533279596807374	0.1039992761767956250951402834
0.35611300997486991628814399671	0.1029352798513392377500441354
0.35471560902428762582006220723	0.10188012555648014735360587
0.3533217734084396651127376779	0.1008337701952371310255476399
0.35193151879937087227182066112	0.0997961703342958469760728352
0.35054486049040742308471907744	0.0987672822168209741692778335
0.3491618133996763976558518866	0.0977470617750796511895320776
0.34778239207362443193706292808	0.0967354646430058898911895192
0.34640661069053555159279474368	0.0957324461684299088338402328
0.34503448306404761513279221712	0.094737961425219078162530449
0.34366602264666558319678116054	0.0937519652252696731421952439
0.34230124253327291978506780383	0.0927744121302028388829815921
0.34094015546463719970249887272	0.0918052564631162224188539401
0.33958277383091341216763429784	0.0908444523198858450847107451
0.33822910967514026423453593976	0.0898919535803902145953313064
0.33687917469673169783618986846	0.0889477139197445386438076383
0.3355329802549616529784602587	0.0880116868191816356090372722
0.33419053737244155907624138084	0.087083825576618590113236866
0.33285185673859052078637308338	0.0861640833175066458207294582
0.33151694871309672092518997294	0.0852524130049740174854932492
0.33018582332937090964820251408	0.0843487674502197618822438824
0.32885849029798959126559436399	0.0834530993225065850629373888
0.3275349590101287365461991219	0.0825653611590600852414812751
0.32621523854098728816374542553	0.0816855053748382343150966536
0.32489933765319928112901579922	0.0808134842720139623585057826
0.32358726480023479443958230476	0.0799492500494283519159223596
0.32227902812978929513072078809	0.0790927548118322536294847971
0.32097463548715997809016210166	0.0782439505788893127282148215
0.31967409441860989610867383182	0.0774027892942109414597533367
0.31837741217471887826028923843	0.0765692228338944275154781258
0.31708459571372017142992116597	0.0757432030152888405621936339
0.31579565170482374924745341148	0.0749246816053719360903184721
0.31451058653152478103207563171	0.0741136103289723092914701206
0.31322940629489749531994837705	0.0733099408769318692682657067
0.31195211681687371321846628974	0.0725136249140484951674786104
0.31067872364350548090294630534	0.0717246140868378987230758282
0.30940923204821294841901638865	0.0709428600312761968158916976
0.30814364703501494389952338261	0.0701683143802504020652287873
0.3068819733417429786251712462	0.0694009287708695320226376884
0.30562421544323955356181020484	0.0686406548517081816764842003
0.30437037755453722007483650072	0.0678874442898589499892339754
0.30312046363402355445201703662	0.0671412487778571457424539782
0.30187447738658471263441701581	0.0664020200404273203894260421
0.30063242226673359645682329793	0.0656697098410576557751579437
0.29939430148171871305001959245	0.0649442699885845337630206922
0.29816011799461488974421463883	0.06422565234344832836641126
0.29692987452739533145855940258	0.0635138088239249551268605651
0.29570357356398463417735312375	0.0628086914121861847761077058
0.29448121735329299578084784385	0.0621102521602607185158050138
0.29326280791223045091832464952	0.061418443195710891700970981
0.29204834702870238859768224287	0.0607332167275159443106914051
0.29083783626458513972629027447	0.060054525051402905795855268
0.28963127695868125888621517968	0.0593823205552950620567480588
0.28842867022965550087205166549	0.0587165557246638477080143134
0.28723001697895005817005250125	0.0580571831476078042362553418
0.28603531789367981862886058543	0.0574041555198766990926222155
0.2848445734495071094440252087	0.0567574256498220793778949025
0.28365778391349561019353162168	0.056116946463118030995459593
0.28247494934694393695785058893	0.0554826710074519673073911411
0.28129606960819797035870697425	0.0548545524570448952713985361
0.28012114435544319971587766492	0.0542325441170701535938178441
0.27895017304947452218028126671	0.0536165994280264138604447256
0.27778315495644610351499964685	0.0530066719698307170761907182
0.27662008915060015130118992003	0.0524027154659617036523216206
0.27546097451697326708906846393	0.0518046837874054527318537574
0.27430580975408309062360710334	0.0512125309565227573355567631
0.27315459337659176305696968279	0.0506262111507980855971861284
0.27200732371794918916558061639	0.0500456787064890635312942887
0.27086399893301485612340190671	0.0494708881221588653583897843
0.26972461700065705721575664053	0.0489017940621130667639465919
0.2685891757263316230741456	0.0483383513597473846697303664
0.26745767274463825526947816267	0.0477805150207642148756512053
0.26633010552185583615108938201	0.0472282402263268122882049078
0.26520647135845608445063270693	0.046681482336060485950287757
0.2640867673915945082349679658	0.0461401968910521052967385897
0.26297099059758120209411152783	0.0456043396166585223744413696
0.26185913779432888437566348215	0.0450738664252651186043535383
0.26075120564377970026011860246	0.0445487334189556779968151713
0.25964719065431032602289538213	0.0440288968920867098306983642
0.25854708918311536480730616859	0.0435143133337681872201012946
0.25745089743856912597597181066	0.0430049394302620828369552118
0.25635861148256572425599216224	0.0425007320672997534528661032
0.25527022723283768135308585118	0.0420016483323011870391424859
0.25418574046525323661935163805	0.0415076455165257598512705906
0.25310514681609114426179742284	0.0410186811171312669319373509
0.25202844178429597454037774801	0.0405347128391583026250402737
0.25095562073370932264004872451	0.0400556985974401401453479478
0.24988667889528233426641552146	0.0395815965184199979330248954
0.24882161136926448825636217587	0.0391123649419088350267845528
0.24776041312737304423640352504	0.0386479624227580480216043056
0.2467030790149397906987036814	0.0381883477324675178492971797
0.24564960375303824157046743693	0.0377334798607005382476332901
0.24459998194058757209401136464	0.037283318016773575631203929
0.2435542080564377759575039707	0.0368378216310137125517181637
0.24251227646143248239048685729	0.0363969503561161899876417983
0.24147418140045115950670195093	0.0359606640683308484404681106
0.24043991700443083659646157429	0.0355289228687639179266685898
0.23940947729236672442204413219	0.035101687084410603730182079
0.23838285617329258346326851156	0.0346789172692313662209399179
0.23736004744824018346127273071	0.0342605742051930147111645191
0.23634104481217841034034031289	0.0338466189031691327859040777
0.23532584185593256829501778227	0.0334370126038329680533545788
0.23431443206808216856783197273	0.0330317167784818367648973454
0.2333068088368398951947727332	0.0326306931298044044683794182
0.23230296545190907190065989916	0.0322339035925528378213480608
0.23130289510632345137070990157	0.031841310334265385011980434
0.23030659089826344719661360315	0.0314528757558036674757565861
0.22931404583285695285721716066	0.0310685624919146390094019272
0.22832525282395677268384665107	0.0306883334117301885157913418
0.22734020469590086095039796978	0.0303121516192355353959428905
0.22635889418525186445343834284	0.0299399804536233832184389948
0.22538131394251779256768211327	0.0295717834896407225613126314
0.22440745653385356367800316816	0.0292075245379419807162867655
0.22343731444274305766419814388	0.0288471676452613116466536393
0.22247088007166269555363986206	0.0284906770946873305085557915
0.22150814574372527995776415568	0.028138017405802500031695187
0.22054910370430648806067526921	0.0277891533347855219217779624
0.21959374612265091763275719592	0.0274440498745115674592230354
0.21864206509346120604743998138	0.02710267225456866686909647
0.21769405263846743736611551077	0.0267649859412771058566880444
0.21674970070797992332145900897	0.0264309566376195846870737684
0.21580900118242193043144605884	0.026100550283180992325325964
0.21487194587384547008773472749	0.025773733054003673199644242
0.21393852652742923409338326517	0.0254504713624281746898551962
0.21300873482295831814927535747	0.0251307318569591382120039194
0.21208256237628655456019129959	0.0248144814219580994520329338
0.21116000074078107788348493275	0.0245016871774110130736853305
0.21024104140874987117326372417	0.0241923164786528505926830102
0.20932567581285174194153228462	0.0238863369160017243671511674
0.20841389532748910875792400643	0.023583716314412916091140789
0.20750569127018434126431925176	0.0232844227331504251070989039
0.20660105490293808033930160651	0.022988424465210635225387248
0.20569997743357248720822303247	0.0226956900370682386480979116
0.2048024500170560420694579447	0.0224061882080114260091004156
0.20390846375681333112251308662	0.0221198879697973844985798263
0.20301800970601715857634864304	0.0218367585459648791068273385
0.20213107886886618715865481092	0.0215567693914147623392471561
0.20124766220184477765041453023	0.0212798901917337381132786297
0.20036775061496812750110674068	0.0210060908626005059363896713
0.19949133497301013262484310812	0.0207353415491770978228874113
0.19861840609671715393451353828	0.0204676126254171406885156654
0.19774895476400542384653833599	0.0202028746934357509646357099
0.19688297171114303167445158604	0.0199410985827223679594281005
0.19602044763391680094880813941	0.0196822553494993418564092205
0.19516137318878385022415767974	0.0194263162759310264792206148
0.1943057389940082148994208534	0.0191732528693733868800193392
0.19345353563078236277590513095	0.0189230368615840355778824297
0.19260475364433433982956735119	0.0186756402078992448287359791
0.19175938354502108737876903795	0.0184310350864601354737728324
0.19091741580940417528110856081	0.0181891938973204061321294092
0.19007884088131475947976654489	0.0179500892616196748288147157
0.1892436491729024776773354661	0.0177136940206875530461492411
0.18841183106567055769642531717	0.0174799812351744477015809618
0.18758337691149659386873356997	0.0172489241841333405918401105
0.18675827703364059247672630818	0.0170204963641013986900274843
0.18593652172773788356929890755	0.0167946714881578142612250511
0.18511810126277979324128568035	0.01657142348499167339660425
0.18430300588207946112720648922	0.0163507264979136438143687571
0.18349122580422545282731133323	0.0161325548839074578244232867
0.18268275122402211816122748214	0.0159168832126146534022786269
0.18187757231341578349258526659	0.015703686265357006973121092
0.1810756792224095660901260733	0.0154929390341102014824859622
0.18027706207996415867022303604	0.0152846167204872006795431516
0.17948171099488631774781079101	0.0150786947346989520304659548
0.17868961605670539136365815894	0.0148751486945230660223151181
0.17790076733653615176868526967	0.0146739544242415976209624464
0.17711515488793046988855767396	0.0144750879535666837122437985
0.1763327687477162541506225483	0.0142785255165904891318357467
0.17555359893682431693595125202	0.0140842435506849616694363433
0.17477763546110383695767892426	0.013892218695445421901305438
0.17400486831212509285711018319	0.0137024277915581753523944288
0.17323528746797141296978776092	0.0135148478796974509565367512
0.17246888289401855373739277755	0.0133294561994725819400600899
0.17170564454370399690231570338	0.0131462301882215467631084232
0.17094556235928393241536593393	0.012965147479965352752367888
0.17018862627257881390304479092	0.0127861859042392482125732852
0.16943482620570866123645047268	0.0126093234849729532404242546
0.16868415207181677366265890173	0.0124345384393372023963325364
0.16793659377578294836814934379	0.0122618091766282798144774835
0.16719214121492595007371498858	0.0120911142970801062592346898
0.16645078427969463102364041327	0.0119224325907452873518660601
0.16571251285434964514557514143	0.0117557430363188633080359447
0.164977316817634056481663220497	0.0115910247999901650678561246
0.164245186043433881105306844223	0.011428257234250762205062375
0.163516110401428408234280246607	0.0112674198767843059271572906
0.162790079757730810126489077061	0.0111084924492394775028016323
0.162067083975517239848006467574	0.0109514548560902508515875004
0.161347112915649246364156425511	0.0107962871834457553266188768
0.16063015643728317583805202923	0.0106429696978879001842394396
0.159916204398471885859013449819	0.0104914828452861319927753947
0.159205246656756141335810764523	0.0103418072496263857475201886
0.158497273069747053819432850479	0.010193923711822961988296137
0.157792273495698856063710193184	0.0100478132085271918072404131
0.157090237794073333635688840001	0.0099034568909774174017534689
0.156391155826093432395223244216	0.009760836083786309547416748
0.155695017455289765990332328819	0.0096199322837723664692926528
0.155001812548037379494103135394	0.0094807271587737674868283346
0.154311530974083586373859135803	0.0093432025464806072970448793
0.15362416260706759467057325778	0.0092073404532294227158348688
0.152939697325031218768365836791	0.0090731230528266798620618712
0.152258125010921286876411565412	0.0089405326853860301106807754
0.151579435553083497598597951859	0.0088095518561407165812530681
0.15090361884574879349430659352	0.0086801632342624690007756288
0.150230664789509962836348603403	0.0085523496516676711521522321
0.149560563291791781975911945519	0.0084260941018857802941450907
0.148893304267312329438644397356	0.0083013797388428468179749989
0.148228877638536494753498446848	0.0081781898757131761419013108
0.147567273336122218784555185685	0.0080565079837398799574366437
0.146908481299358182176222626564	0.0079363176910783297917084782
0.146252491476594673223277761964	0.0078176027816100106321319612
0.145599293825666151969233937025	0.0077003471938087710790985516
0.144948878314307466254395841101	0.007584535019563209885057958
0.144301234920561905749006513958	0.0074701505030059306980292328
0.143656353633182041586779662676	0.0073571780393988701386716409
0.143014224452023758189103905042	0.0072456021739458585463082058
0.142374837388433396347081556283	0.0071354076006560352178107445
0.141738182465626900881703970382	0.0070265791612101370250377322
0.14110424971906385339751678111	0.0069191018437947183224653869
0.140473029196812112674238522312	0.0068129607819930626157380095
0.139844510959908952912357074619	0.0067081412536309130484376626
0.139218685082713016636701361288	0.0066046286796535931878324856
0.138595541653250282105593666138	0.0065024086229978614204033246
0.13797507077355470597620827647	0.0064014667874642582487495261
0.137357262560001109748789185357	0.0063017890166119610213441823
0.136742107143631895127920816364	0.0062033612926338603043483293
0.136129594670480013017148105831	0.0061061697352478308636731379
0.13551971530188066231873414777	0.0060102006005909247571439126
0.134912459214781951892135045378	0.0059154402801212875755128859
0.134307816602047227015898321812	0.0058218752995169575648638807
0.133705777672751726021127703123	0.005729492317588809450840046
0.13310633265247361583151385825	0.0056382781251891741017777577
0.13250947178357918540861792739	0.0055482196441233872119415431
0.13191518532550229198691942728	0.0054593039260887350978889078
0.131323463555018374735294169132	0.0053715181515822100561539016
0.130734296766512748673663462197	0.0052848496288455213955730983
0.130147675272243534453072230134	0.0051992857927958925189125288
0.129563589402599397460569746145	0.0051148142039667471030823054
0.128982029506350661383093733268	0.0050314225474639338622993031
0.128402985950898296549370237897	0.0049490986319044029045707113
0.12782644912251376207924565516	0.0048678303883834507370722914
0.127252409426576432735456378159	0.0047876058694309561696030291
0.126680857287805512577719616226	0.0047084132479924833940433012
0.126111783150486008948402726458	0.0046302408163812609566814373
0.125545177478690843087849185723	0.0045530769852765270602091977
0.124981030756497607421213930885	0.0044769102826969116905192883
0.124419333488200785884902268338	0.0044017293530003073923050354
0.123860076198519078741905120885	0.0043275229558675201130258938
0.123303249432798037790118846131	0.0042542799653057529407996107
0.12274884375720838774227647833	0.0041819893686675597011180918
0.122196849758939419965583240949	0.0041106402656422491268927755
0.121647258046388733954695043069	0.0040402218673004680681518415
0.121100059249346188279670453172	0.0039707234950868220774327216
0.120555244019174947713985721015	0.0039021345798805301309442134
0.120012803028987297885998242349	0.0038344446609981719795898664
0.119472726973816888657985625111	0.0037676433852727393361282684
0.118935006570786145284896869169	0.0037017205060693080624298802
0.11839963255927039891971896025	0.0036366658823457173931808148
0.11786659570105662093087900918	0.0035724694777173618567472424
0.117335886780500134563378787101	0.0035091213595185513665403858
0.116807496604676048654093541549	0.0034466116978731302573824259
0.11628141600352623924346713158	0.0033849307647716330348663356
0.115757635830004127811860494055	0.0033240689331399055656350331
0.115236146960215407063271353488	0.0032640166759522432103653496
0.114716940293553109638150466269	0.0032047645653165339374235334
0.114200006752831547506780208865	0.0031463032715432635653958124
0.113685337284415371903647863287	0.0030886235623053526995068927
0.113172922858344086494148811004	0.0030317163017082800697226977
0.112662754468457070997215896788	0.0029755724494254353990805671
0.112154823132509194921541842745	0.0029201830598176305846327796
0.111649119892287740113262402161	0.0028655392810606051192276901
0.111145635813724031144074139335	0.002811632354286484741709752
0.110644361987002058231942735465	0.0027584536127203909799415036
0.110145289526663942725397495918	0.0027059944808303228648905343
0.109648409571711933260842821736	0.0026542464734809360881794522
0.109153713285707597814645559375	0.0026032011950882349469054882
0.108661191856867616832462156691	0.002552850338791316686783137
0.108170836498156619420603512327	0.0025031856856156399047207663
0.107682638447376946125889881787	0.0024541991036746718016330168
0.107196588967255675565197163198	0.0024058825473039974468119329
0.10671267934552747720502151332	0.0023582280563012200015181127
0.106230900895017752488541066274	0.0023112277550958112557818225
0.105751244953718352260466880843	0.0022648738519500754783478079
0.105273702884864277719450202176	0.0022191586381737857820430446
0.104798266077005861324677650338	0.0021740744873312504233069464
0.104324925944078695042567428065	0.0021296138544640831453497723
0.103853673925470501784618846247	0.0020857692753090157755455706
0.103384501486086151199771754166	0.0020425333655352060945346364
0.10291740011640881404327661815	0.0019998988199747810136085846
0.102452361332559755230711201766	0.0019578584118724760056648838
0.101989376676356135606169093668	0.0019164049921202537226235397
0.10152843771536291357618920139	0.0018755314885215305705167222
0.101069536042947186793730365402	0.0018352309050470940397095902
0.100612663278325979623632916404	0.001795496321104405566151928
0.100157811066614257548369358483	0.0017563208907916447132216694
0.099704971078869467799911247299	0.0017176978421973290242839853
0.099254135012134304514322408314	0.0016796204766636169975660554
0.098805294589476255308191238445	0.0016420821680893617155316927
0.098358441560026252681116317036	0.0016050763622049668881488766
0.097913567699013857094396005936	0.001568596575886508106412764
0.097470664807801839427098905716	0.0015326363964571326017684747
0.097029724713916791015814041543	0.0014971894809920375540570748
0.096590739271079041638463582196	0.001462249555634717598384306
0.096153700359229960122515455475	0.0014278104149261891103380713
0.095718599884557334154716727741	0.0013938659211180300566617947
0.09528542977951876281277654653	0.0013604100035215922101615242
0.094854182002862916937109214438	0.0013274366578281294893109339
0.094424848539649883550587855336	0.0012949399454650554570180135
0.093997421401267220082237124029	0.0012629139929308232241856019
0.093571892625447167210832429688	0.0012313529911687139147876408
0.093148254276279878202460378443	0.0012002511949031219297095536
0.092726498444225763179107243778	0.001169602922019465845688026
0.092306617246125733880423655809	0.0011394025529315641262613996
0.091888602825209878195060753336	0.0011096445299483629294055138
0.091472447351104399129574228108	0.0010803233566656218494836179
0.091058143019836792451832349878	0.0010514335973432167067567258
0.090645682053839262147004275824	0.0010229698762971801945012655
0.090235056701951082408157956242	0.0009949268773003780709188159
0.0898262592394184800382568215	0.0009672993429759802528488639
0.089419281967893709181610662926	0.000940082074207987322455723
0.08901411721543209192054522009	0.0009132699295556363715204774
0.08861075733648781478508872009	0.0008868578246605724223881323
0.088209194711908108965679263018	0.0008608407316753646947781587
0.08780942174892600699843989507	0.000835213678687141344109571
0.087411430881151688580942064647	0.0008099717491508827773974137
0.087015214568562259024642841237	0.0007851100813204083838931746
0.086620765297490333245421735164	0.0007606238676947788140231157
0.086228075580611168491911269294	0.0007365083544618646117845214
0.085837137956928263424888350664	0.0007127588409498758710046779
0.085447944991758163116022448395	0.0006893706790803755468967014
0.085060489276713184557849192109	0.0006663392728328277030990463
0.084674763429684043849003569692	0.0006436600777065212358793135
0.084290760094819633040500150621	0.0006213286001909166874887917
0.08390847194250685554910375465	0.0005993403972416504446909382
0.0835278916693489589413719942	0.0005776910757575500067341706
0.083149011998142326212876288931	0.0005563762920678936519144657
0.082771825677852388700487829007	0.0005353917514126228196668272
0.082396325483588585000661758352	0.0005147332074495658914769539
0.082022504216577683036902231358	0.0004943964617392005481866968
0.081650354704136520215370897074	0.0004743773632491967310182443
0.081279869799643182757164587145	0.0004546718078681571369668805
0.08091104238250738146611628056	0.0004352757379099926515593708
0.080543865358140465136341443357	0.0004161851416243058530345156
0.080178331657922710895592900646	0.0003973960527359175749146252
0.079814434239171393720956801498	0.0003789045499414865781627322
0.079452166085106840319722803338	0.0003607067564649750230491006
0.079091520204817867498464482046	0.0003427988395725182868173703
0.078732489633226164411056732402	0.0003251770101112433677279497
0.078375067431050046066666505555	0.0003078375220637437511995908
0.078019246684766722914223664436	0.0002907766720757602944120777
0.077665020506574255743623542192	0.0002739907990212860528576265
0.077312382034352349803599931862	0.000257476283547737199836088
0.076961324431622367355260468842	0.0002412295476296201815540346
0.076611840887506535036905357749	0.0002252470541487005045805728
0.076263924616686203451913020795	0.0002095253064399645044064284
0.07591756885935938738096766137	0.0001940608478757723194761116
0.075572766881197842041093856384	0.0001788502614304852644143332
0.075229511973302544041193616183	0.0001638901692652349120526505
0.074887797452159332271503206118	0.0001491772323082306867106155
0.074547616659593087281357646511	0.0001347081498398238489063015
0.07420896296272189810546021231	0.0001204796590813554579486529
0.073871829753909945222351723256	0.0001064885347941248181685226
0.073536210450719771682242777029	0.0000927315888709832246581329
0.073202098495864052272252915817	0.0000792056699410294945470675
0.07286948735715705679918318801	0.0000659076629729443637713196
0.07253837052746396250654040981	0.0000528344888880619359457995
0.072208741524652039304584982712	0.000039983104165260152515686
0.071880593891538667185635696647	0.000027350500465707700985201
0.071553921195840431784467286534	0.0000149337042464869247862519
0.071228717030120779865206108721	2.7297763871254039670637e-6
0.070904975011737760342828048193	-9.2641881819917813011143e-6
0.070582688782790155663096178775	-0.0000210510608540730732994845
0.070261852010064719133489121551	-0.000032633679706176065345513
0.069942458384980978378375996699	-0.0000440148498639294090242604
0.069624501623536831856386430475	-0.0000551973438609798146359422
0.069307975466253180540183787671	-0.0000661839019928687558159696
0.06899287367811799368229862261	-0.0000769772326700480791448326
0.068679190048530090936875885442	-0.0000875800127654025052962945
0.068366918391242332193839910341	-0.0000979948879615204786763624
0.068056052544304135354426744109	-0.0001082244730867887452191239
0.067746586370004220077556548304	-0.0001182713524652863672333919
0.067438513754811890543163232146	-0.0001281380802390590226548
0.06713182860931877114003859899	-0.0001378271807089957709059315
0.066826524868179668203668403172	-0.0001473411486603264016881426
0.066522596490053207551369135996	-0.0001566824496867956174562257
0.066220037457541875521349744586	-0.0001658535205179471637216305
0.065918841777132073089453073356	-0.0001748567693337048834923465
0.065619003479133168035266996259	-0.0001836945760813540143106852
0.065320516617616610650041003673	-0.0001923692927919307907405563
0.065023375270354668351699805988	-0.0002008832438864715465842188
0.064727573538759069658378755339	-0.0002092387264842996629235957
0.064433105547818325015473642118	-0.0002174380107076401749928919
0.064139965446035934980930968733	-0.000225483339982174167648097
0.063848147405367411456099556576	-0.0002333769313342340380173176
0.063557645621157468153648441741	-0.0002411209756884725120299917
0.063268454312076684861792204329	-0.000248717638156272900379379
0.062980567720057988685389893759	-0.000256169058328442184447024
0.062693980110232743141886852533	-0.0002634773505599548811896859
0.062408685770866658060089613069	-0.0002706446042546681369588082
0.062124679013295390494296985274	-0.0002776728841446405327006703
0.061841954171860017639088582532	-0.0002845642305702791922524553
0.061560505603842020956538073443	-0.0002913206597529031006538868
0.061280327689397863930480119084	-0.0002979441640708750454971863
0.061001414831494370654722069739	-0.0003044367123258256332293341
0.060723761455842485540232928077	-0.0003108002500133614708514128
0.060447362010831729287748841715	-0.0003170366995840467676089249
0.06017221096746416497718538346	-0.0003231479607081053435009394
0.059898302819288101981903794647	-0.0003291359105331979514671876
0.05962563208233184829362096479	-0.0003350024039433124398996848
0.059354193295036965629342958333	-0.0003407492738088976902769943
0.059083981018191580893733143184	-0.0003463783312428618519178034
0.058814989834863441624811890535	-0.0003518913658465060978121155
0.058547214350332770093422060646	-0.0003572901459580588142316578
0.058280649192024990080179592882	-0.0003625764188960112451170423
0.058015289009443422040481619032	-0.0003677519112009706898849997
0.05775112847410160300065090033	-0.0003728183288747180129096531
0.057488162279455695683639237295	-0.0003777773576179592248683433
0.057226385140836563058234229651	-0.0003826306630634355603161455
0.056965791795381891510373570342	-0.0003873798912471756230255391
0.056706377001968101558087569218	-0.0003920266676488371182041388
0.056448135541142169313425468188	-0.0003965725997972167669747488
0.056191062215053345086389745609	-0.0004010192751169881977923287
0.055935151847384781109917124837	-0.0004053682623418185491865484
0.055680399283285131140980205873	-0.0004096211114961153613995208
0.055426799389299606543628895746	-0.0004137793541142089626248143
0.055174347053301832659592543817	-0.0004178445034565921971712009
0.054923037184425093852554242859	-0.0004218180547239376364298456
0.0546728647129930831001601381	-0.0004257014852680749738674857
0.054423824590451490651858017186	-0.0004294962548051750157110735
0.054175911789298698277560648022	-0.0004332038056178012885567217
0.053929121303017180191246163855	-0.0004368255627656647419299343
0.053683448146004363130587699222	-0.0004403629342869820600423955
0.053438887353503420341281923861	-0.0004438173113992349031680497
0.053195433981534308469785657429	-0.0004471900687010302998924463
0.052953083106824476738584578524	-0.0004504825643662368949076652
0.052711829826739857765493549923	-0.0004536961403420657533362192
0.052471669259215614490799433128	-0.0004568321227431188716777901
0.052232596542686652734659946628	-0.0004598918210335485232029871
0.051994606836019184596741709363	-0.0004628765302357868277700304
0.051757695318440401970883754006	-0.0004657875290989424490934207
0.051521857189469911355358292275	-0.0004686260812939921328363585
0.051287087668850302946638835684	-0.0004713934353955790851558815
0.051053381996477891925468413223	-0.0004740908250645323810258064
0.050820735432333521377017656989	-0.0004767194692280382598688705
0.050589143256413082483100711153	-0.0004792805722561443339826765
0.05035860076865871379611317241	-0.0004817753241392042334746693
0.050129103288889194008364326055	-0.0004842049006650911527515409
0.049900646156730939609652671039	-0.0004865704635885391009110574
0.049673224731548796946102886474	-0.0004888731608023780563493368
0.049446834392376919472547597423	-0.0004911141265098580610364273
0.049221470537849651190537426649	-0.0004932944813909726915615568
0.048997128586132560371486586201	-0.000495415332765917439394113
0.04877380397485301436963195721	-0.0004974777747629437877507814
0.04855149216103180581118012262	-0.0004994828884802167966444797
0.048330188621013809767508218433	-0.0005014317421452585349117335
0.048109888850399229345678322318	-0.0005033253912747923219512902
0.047890588363974667090202878886	-0.0005051648788334029689854312
0.047672282695644756522957445251	-0.0005069512353895231099345363
0.047454967398362043370932189829	-0.0005086854792687842458678552
0.047238638044060578719171536513	-0.000510368616708353837225809
0.047023290223585694245593653994	-0.0005120016421704078703145421
0.04680891954662582719214127042	-0.0005135855376775365520510865
0.046595521641644326677185847832	-0.0005151212745906177662986942
0.046383092155810884819902426758	-0.000516609812126220197991427
0.046171626754933285654080891232	-0.0005180520983168434682137013
0.045961121123389250490405150363	-0.0005194490699914771016508305
0.045751570964058189309321387928	-0.000520801652918373733041431
0.045542971998253256411985746329	-0.0005221107619455734319691317
0.045335319965653335177812598563	-0.0005233773011415425381570331
0.045128610624235243995126571908	-0.0005246021639320606932235012