2.7481554073275426939174178991	13.96718975860203881305364299
2.2691869610000860562346473009	7.429236061554077274609940553
1.9286269514861401302399157283	4.577301704411744918697272226
1.6693976056197636124713969877	3.139593655054131507408373967
1.46116717071018727979426836517	2.3380705622634898727125004628
1.2863704769579133294971624649	1.8589394416246820470146223245
1.13419579949414789757521743516	1.5593476444560793885461828618
0.99772770487848631365985252461	1.3678494955231195610625039402
0.87250780197043203153000692444	1.2458282854214160774472791253
0.75580671300808389608356990578	1.1708543283184974522820361612
0.6462890184213087805040381067	1.1288178324738677311592697552
0.54389816521174803319655696845	1.1099116207409065756764028209
0.44980993099121170197120897366	1.1065115027210060707245332737
0.36624043752424132236186088349	1.1122042163608828837450162357
0.29582799649026631337556513286	1.121674881765036414694223044
0.24047909884424588551624538091	1.1311316028633610944050799111
0.20019449749426734615123660937	1.1386436218845268955758439809
0.17287050876139559193215485883	1.143845149531153863102842329
0.155300323498748479458620251989	1.147169797587496406460680287
0.144397230749993414935797059295	1.1492061467325753876132436202
0.137804963442868736214241456957	1.1504226182533834977093427466
0.133931488858805426011597513931	1.1511310691314325021749719988
0.13176041354770877154790242012	1.1515258381917206940232820248
0.130655434925198143142469979062	1.1517260249798899279742399027
0.130218466702432757812429469928	1.1518049738795823685329581656
0.130198571666197540316549777602	1.1518084313590181839975387605
0.130436009780493186295185971225	1.1517653318392341410859086888
0.130828188409573054109526705568	1.1516941967523962945175798522
0.131308814433968578966820895427	1.1516069815341684501711183791
0.131834963483912894837149300344	1.1515114318282545750304889642
0.132378935904657454625126848735	1.1514125553354910454232948489
0.13292304768239515415270732238	1.1513135586324477277403154684
0.13345625027570737900672494305	1.15121645358494895408352502
0.133971908964900312763713083811	1.151122455657249456374991112
0.134466326617048357814022545679	1.1510322487484511853224976561
0.134937753994871155799174892854	1.1509461630236591565069488894
0.135385721738777472239387638333	1.1508642952183470611717388478
0.135810587418564914175650087594	1.1507865904387288409086880003
0.136213227765120316892826806615	1.1507128979232896291756873104
0.13659482968682489376488511132	1.150643009044964567525719903
0.136956748928049638020394141223	1.1505766831194580411317945793
0.137300415260814480000779309207	1.1505136647992135552690615466
0.137627269780751558240667302289	1.1504536956430010397101677922
0.137938724374125477473029375074	1.1503965216486871336445122685
0.138236136477466818275964541008	1.1503418979907991701235676921
0.138520794344918339293054183036	1.1502895918292086579489420199
0.138793909483904726569596845357	1.1502393837955470066074244688
0.139056613924246445383208156122	1.1501910685829406059300564224
0.139309960687684098929694646519	1.1501444549377810840520317339
0.139554926317328046469692429986	1.1500993652630281168880572165
0.139792414673391247791523374116	1.1500556349793867368248957279
0.140023261446375785373426675463	1.1500131117460361102113863522
0.140248239011886808522785725161	1.1499716546110090124506059638
0.140468061373496522026206548913	1.1499311331387500624842165603
0.140683389026333075599352553223	1.1498914265464929059738921533
0.140894833634724724272315665355	1.1498524228699878057011795459
0.141102962459652030608127010557	1.1498140181709883966873924489
0.141308302501185194863394594555	1.1497761157936650130063282527
0.141511344341244315905332230619	1.1497386256730625652921895926
0.141712545685588904429862097586	1.1497014636963832484618199161
0.141912334612834175484867552838	1.1496645511159867960479001437
0.142111112543879965826946634457	1.1496278140119673413230056356
0.142309256948410581351402125002	1.1495911828016129660064037699
0.142507123806789030804319089939	1.149554591792489547120197186
0.142705049846234870236495771772	1.149517978775993929781225891
0.142903354570004405716289165189	1.1494812846580112262934932556
0.143102342097643826879279192031	1.1494444531235504609576167426
0.143302302833442927215831500089	1.1494074303322630648183202114
0.143503514979107766661476887769	1.1493701646420872305086478716
0.143706245905483911627979858637	1.1493326063582817814624508505
0.143910753396958365241302645885	1.1492947075054607128279583916
0.144117286780988259560678852721	1.1492564216203987832769028433
0.144326087954073608289811005769	1.1492177035635553208792778273
0.144537392314425428304256923317	1.1491785093474904701972497232
0.144751429610587650118839880367	1.1491387959804829238972995449
0.14496842471435479444545258223	1.1490985213238951815042763495
0.145188598325487370346359961007	1.1490576439618653239660455964
0.145412167614961104767455943543	1.1490161230821604359382354955
0.145639346812790805778606883706	1.148973918367078662702503656
0.145870347745840441353649214192	1.1489309898934245043202489609
0.146105380330463024743957730256	1.1488872980406791563977303242
0.14634465302430215324768253067	1.1488428034065934010372619183
0.146588373241126631053164993598	1.1487974667294769670596452853
0.146836747732155784401612617643	1.1487512488165960172936676323
0.147089982936961375003928653663	1.1487041104780874032174638737
0.147348285306698267592828467547	1.1486560124659223041098219399
0.147611861602116360916837059685	1.1486069154174323034115133459
0.147880919168537227433763079514	1.1485567798030767675714934386
0.148155666189737222670453010437	1.1485055658780308687296274708
0.148436311922461620370789421897	1.1484532336373260586954671342
0.148723066913098992351639577297	1.1483997427742759980907816177
0.149016143197869233212453077635	1.1483450526419083359464231191
0.149315754487720229873270778971	1.1482891222172526040402741781
0.14962211633898531260081334636	1.1482319100682484995704806234
0.149935446310724624850200553851	1.1481733743231466736463721449
0.150255964109556920385866478979	1.14811347264225978795860954
0.150583891722682716644686731903	1.1480521621919441710193319293
0.150919453539704024736879288373	1.1479893996207215090734895247
0.151262876463759000806144291102	1.1479251410374610220097614001
0.151614390012410901981050547137	1.1478593419915539677872549065
0.151974226408658870464003105394	1.1477919574550380673353953026
0.152342620662372598947750984128	1.1477229418066315682003151125
0.152719810642393224637411954608	1.1476522488176591405618650748
0.153106037139488306155692638073	1.1475798316398512897399712494
0.153501543920298984915988119861	1.1475056427950261550236237529
0.153906577772371999698024553868	1.1474296341666552697241070861
0.154321388540327757470182305979	1.1473517569933381371825069258
0.154746229153177853249612422845	1.1472719618642142268914299424
0.1551813556427710186256491922	1.1471901987163443520387860049
0.155627027153315240972991563958	1.1471064168341083343702715727
0.156083505941895550004591830559	1.1470205648506736109084074018
0.156551057369881567140672310166	1.1469325907515900139321468257
0.157029949885096234433579797032	1.1468424418805757615847200104
0.157520454994597093498246733526	1.1467500649475686320397056192
0.158022847227904000663989513978	1.1466554060391155070996444208
0.158537404090492197524217282926	1.1465584106311853685850791199
0.159064406007357178040743498946	1.1464590236044910054205425595
0.159604136256447794074215548419	1.1463571892623978661677960454
0.160156880891756525812759687931	1.1462528513515449479999305508
0.160722928655850827967409690376	1.1461459530852445269807083159
0.161302570881626975881936656661	1.1460364371697572444925289846
0.16189610138306791274476768906	1.1459242458335917255038109776
0.162503816334789284568723937597	1.1458093208598608097384104996
0.163126014140163188635974179159	1.1456916036218633425328216432
0.16376299528781720646047130221	1.1455710351219522376276294091
0.164415062196317092863555687368	1.145447556033816758660811677
0.165082519046855096945839484663	1.1453211067482684944835672649
0.165765671603782348313874137126	1.145191627422631371862664237
0.1664648270228430849262852403	1.1450590580338417121605632609
0.16718029364699077032554845835	1.1449233384353477873338853066
0.16791238078969135831507208759	1.1447844084178767779899187261
0.16866139850564713239825576058	1.1446422077741967440112947582
0.16942765734890566531469748831	1.1444966763678992204076278099
0.17021146811835249373193364373	1.1443477542063003469611037349
0.17101314159062304524756142373	1.1441953815175158560681622992
0.17183298824050913081783896275	1.1440394988317459045620375363
0.17267131794897784620191023405	1.1438800470668269450986699652
0.17352843969896590485752263795	1.1437169676180457596316935362
0.17440466125916012635510632555	1.1435502024522664064732946825
0.17530028885602486748658717899	1.1433796942063464552428362567
0.17621562683438943238971868827	1.1432053862897999135369418025
0.17715097730696271271885585143	1.1430272229917236781485266776
0.17810663979319825637693412184	1.1428451495918945646069652261
0.17908291084799036882929929476	1.1426591124759733717569069211
0.1800800836807404176447414581	1.1424690592547289661620235736
0.18109844776539191298224681161	1.1422749388871628570248183643
0.18213828844209281650921132866	1.142076701807403367032639933
0.18319988651120351128815597292	1.1418743000551964187592766928
0.18428351782042854100489722978	1.1416676874098279616533772196
0.18538945284590916749105025362	1.1414568195272618648463762715
0.18651795626817156394475056802	1.1412416540802602877967460885
0.18766928654388158643865874279	1.141022150901234184710153906
0.18884369547441108320286825642	1.1407982721275345243520265419
0.19004142777227212373399929665	1.1405699823488790190264383655
0.19126272062652387343988045712	1.1403372487566024723133668628
0.19250780326830162396409891618	1.1401000412943156406874053932
0.19377689653765822962080689419	1.1398583328096755846993777982
0.19507021245294444227750005948	1.1396120992067612954325803555
0.19638795378398591835237838324	1.1393613195987216813235521899
0.19773031363034057778559162625	1.1391059764601727401199850721
0.19909747500594012169595153898	1.1388460557789244451135104645
0.20048961043143350157593610524	1.1385815472064777857664090778
0.20190688153555765317125258504	1.138312444206890566568387921
0.20334943866686158256288406208	1.1380387442033724472161320232
0.20481742051710368845150205393	1.1377604487221571003919482704
0.20631095375762884621416251249	1.1374775635330679206291333084
0.20783015269001114414397193232	1.1371900987862256261504192536
0.20937511891222018990683217723	1.1368980691443490376585476225
0.21094594100153359954354652869	1.1366014939100619462502408077
0.21254269421537570477426695186	1.1363003971476658069340409781
0.21416544021121280600493693093	1.1359948077988122243876084013
0.21581422678657864852912289343	1.1356847597915060162507424145
0.21748908764024047791908317488	1.1353702921419166817242634018
0.21919004215544635936573202436	1.1350514490484360715101673424
0.22091709520611881465181368406	1.1347282799775106236255099621
0.22267023698677868441325715169	1.1344008397406993466143009525
0.22444944286689696030350916309	1.134069188562519514346662282
0.22625467327028170335063701695	1.1337333921386191561689996522
0.22808587358001265677646787691	1.1333935216838504091975024419
0.22994297406933840998448377884	1.1330496539698542379462262901
0.23182588985885062952427500347	1.1327018713518077528390491804
0.23373452090014762961076113762	1.1323502617840141743519541605
0.23566875198609610883730647238	1.1319949188240210100469530534
0.23762845278769593992409409253	1.131635941625089192289222511
0.23961347791744917725946995993	1.1312734349167483262374058911
0.24162366701903164837698334569	1.1309075089733241555623517869
0.24365884488296430909094204092	1.130538279570288646972679733
0.24571882158788264284643844658	1.1301658679284475151477053507
0.24780339266690641253855785361	1.1297904006458226563096820334
0.24991233929851964092399838022	1.1294120096173759410768099717
0.25204542852128237206559760214	1.129030831942586266093672028
0.25420241347161207918934135147	1.1286470098210011503322599658
0.25638303364379400932990203578	1.1282606904359639581270011828
0.25858701517130671844779329331	1.1278720258267008099070478413
0.26081407112848191915602764715	1.127481172749013919813495858
0.26306390185145684971877586956	1.1270882925249247116928676598
0.26533619527732292681115679943	1.1266935508815369451335825232
0.26763062730032665975798730079	1.1262971177795638130780327054
0.2699468621439378086146899304	1.1258991672318803371979902444
0.27228455274756563931197878579	1.1254998771125656579646213704
0.27464334116667687568826700125	1.1250994289569262149864389934
0.27702285898504853525369815433	1.1246980077529547482441419552
0.27942272773787516369868543049	1.1242958017248390455447563453
0.28184255934444291441302362795	1.1238930021089725307902191888
0.28428195654908225902803799254	1.1234898029231227219446551046
0.28674051336911663571730280452	1.1230864007292892295358452859
0.28921781554853577086983158663	1.1226829943909078589989518948
0.29171344101613944557529527492	1.1222797848249405759455890022
0.29422696034691978763891258971	1.1218769747495261866003818303
0.29675793722547739698652884628	1.121474768427813268258537556
0.29930592891029838048771437964	1.1210733714085528281919602984
0.30187048669775529052211420903	1.1206729902641369316939515972
0.30445115638473462779551419298	1.1202738323266200218597924363
0.30704747872883657430558757184	1.1198761054224339280071445995
0.30965898990513855747373808552	1.1194800176062990520803200863
0.31228522195856269982627004892	1.1190857768949836709548175167
0.31492570325093777861435161999	1.1186935910014788817120944968
0.31757995890189860808574052529	1.1183036670700735430170147275
0.32024751122281938076104177246	1.1179162114130234787784359735
0.32292788014303209112409420012	1.1175314292491540081580173403
0.3256205836276363605577194596	1.1171495244450320757914180267
0.32832513808626244974131815928	1.1167706992591265833499398073
0.33104105877220466632448439341	1.1163951540893950781762087965
0.33376786017139745408511527935	1.1160230872247733714398750373
0.33650505638076091157171229518	1.1156546946009203743785797221
0.33925216147549607851225226474	1.1152901695606656893043276049
0.34200868986496282117608238636	1.1149297026194034754984376157
0.34477415663682433036443153286	1.1145734812358639452283404905
0.34754807788919194228065818262	1.1142216895885001154244491006
0.35032997105055203210244880159	1.1138745083577768204557427661
0.353119355187302982175977761	1.113532114514600508285092521
0.35591575129877456663348371103	1.1131946811151175583725877738
0.35871868259964442796225391974	1.1128623771020780383615157327
0.36152767478970656915197881601	1.1125353671129026470884353001
0.36434225631098488989590860204	1.1122138112946579643517033956
0.36716195859222071189763130566	1.1118978651259357346601162648
0.36998631628079694527027766106	1.1115876792459289650536960445
0.3728148674621930315305348333	1.1112833992905659984955775806
0.37564715386709406641783040888	1.1109851657359123180268526161
0.3784827210663045669076114124	1.1106931137487739565815576821
0.38132111865364224039313690702	1.1104073730445870887197817938
0.38416190041700986732364392177	1.1101280677525350597013121044
0.38700462449786407497732510479	1.1098553162878930167974208833
0.38984885353931841522375264173	1.1095892312315865108653920766
0.39269415482313482151098914727	1.1093299192168169812424579595
0.39554010039587228282086507811	1.109077480822797114326721161
0.39838626718447450310493113725	1.1088320104755022421095936897
0.40123223710158949711570248218	1.1085935963552136664347239653
0.40407759714092357902083616296	1.1083623203109366966751911828
0.40692193946294012155014104912	1.1081382577814226914067067248
0.40976486147121987459919526422	1.1079214777228110103463696585
0.41260596587980462652276909892	1.1077120425426488495492095257
0.4154448607718496453134640665	1.1075100080400229226163243703
0.41828115964991274633461855742	1.107315423352280708868236459
0.42111448147820906806378496508	1.1071283309071604055804187877
0.42394445071716079402352974874	1.1069487663812407454887142395
0.42677069735057021032518377161	1.1067767586637052229559864713
0.42959285690574271120149740869	1.1066123298258959753160650504
0.43241057046688374891314090879	1.1064554950960434802624218451
0.43522348468209032568865181335	1.1063062628392772848694284136
0.43803125176425353064099627443	1.1061646345426300243038639753
0.44083352948618389792554122801	1.1060306048049000357031924035
0.4436299811702660590641072271	1.1059041613312563066732915487
0.44642027567294336995862735149	1.1057852849323326606315374774
0.4492040873643269387288674607	1.1056739495277373639601951785
0.45198109610321685024887006145	1.1055701221537671272262973317
0.45475098720781640985353244331	1.1054737629751915446804873152
0.457513451422412972556651298	1.1053848253009406227681234591
0.46026818488029143141926784018	1.1053032556035608787475927069
0.46301488906313874375662496064	1.1052289935422329356246522269
0.46575327075719003500231793063	1.1051619719894672857843521049
0.46848304200635885721541787885	1.1051021170606977667078273649
0.47120392006258613919874733056	1.1050493481475977300777393728
0.47391562733363427470767167476	1.1050035779540150189639121716
0.47661789132854469040410682315	1.1049647125351168546062949014
0.47931044460096912694938381874	1.1049326513391892552837406249
0.48199302469057681104211441556	1.1049072872522661242335995184
0.48466537406273167157483051273	1.1048885066452100887851032138
0.487327240046625828432682302	1.1048761894232794261772554088
0.48997837477204772999113199896	1.1048702090781780905923027924
0.49261853510495559025826943294	1.1048704327422294799656967176
0.49524748258201916343683113292	1.104876721244786236391116045
0.49786498334428542510030169093	1.1048889291707470857764343845
0.5004708080701164021652291897	1.1049069049209802683784816391
0.50306473190754023220929031245	1.1049304907747560844394727183
0.50564653440614952530164489509	1.104959522953947917959277817
0.50821599944867427764572989453	1.1049938316890425639689183445
0.51077291518234993216274711452	1.1050332412868096003165950464
0.51331707395019471033457040849	1.1050775701996392410849499367
0.51584827222230405847226720741	1.105126631096409994297437897
0.51836631052726395056799326216	1.1051802309348942596478523045
0.52087099338377888539791303869	1.1052381710357191910403120844
0.52336212923260469671542237431	1.1053002471575361995190639041
0.52583953036887076649780930029	1.1053662495737389812709306688
0.5283030128748708954824465926	1.1054359631504486887892092754
0.53075239655339693492690045904	1.1055091674258465300691481432
0.53318750486168431469017061305	1.1055856366906924391285445901
0.53560816484603383466123105061	1.105665140070081668625005088
0.53801420707716947909224028633	1.1057474416065160548583905723
0.5404054655863875999830445436	1.1058323003439373728000555858
0.54278177780254857594213440769	1.1059194704131200924755679976
0.5451429844899579757164697208	1.1060087011180860565807578086
0.54748892968718036261228979416	1.1060997370236504593763925017
0.54981946064682513300757022506	1.1061923180440775820680674387
0.55213442777634020969095562409	1.1062861795327466734878117093
0.5544336845798459885214404408	1.1063810523731645751937684433
0.55671708760103867364035856034	1.106476663070498223154172605
0.5589844963671890103864091941	1.1065727338446854134973433195
0.5612357733342594556773007677	1.1066689827243933454759285811
0.56347078383315998353172656296	1.1067651236418708349828908806
0.56568939601716002364142046161	1.1068608665290743080418768417
0.56789148081047145467621284022	1.10695591741464814278542944
0.57007691185801513378805284541	1.1070499785219430695642785423
0.57224556547638110931255300086	1.107142748368253348649301239
0.57439732060599046374131641123	1.1072339218646080960485643976
0.57653205876446463222840482556	1.1073231904170826168745603606
0.5786496640012060578695142177	1.1074102420290037257118563995
0.58075002285319216281305739625	1.1074947614036801197243861635
0.58283302430198282810827855623	1.1075764300489125654243241819
0.58489855973193989717376394662	1.107654926381925024993450345
0.58694652288965561463931428131	1.1077299258355376272698186089
0.58897680984458541916082553585	1.1078011009652886848010733901
0.59098931895087908272213023292	1.107868121557513979200936307
0.59298395081040285519836583059	1.1079306547387650873088579358
0.59496060823694401597112948338	1.1079883650852584099389938492
0.5969191962215880464573920957	1.1080409147348325867251373409
0.59885962189925753371940354431	1.1080879634983933228336570651
0.60078179451640086512039739106	1.108129168973058714927548794
0.60268562539981780287730505693	1.1081641866566867175816754844
0.60457102792660811236980201534	1.1081926700621754792566337749
0.6064379174952285622780617612	1.1082142708338534441896417292
0.60828621149764282322067298791	1.1082286388642993628197663707
0.61011582929254804707257083011	1.108235422412054646679955605
0.61192669217966122284832940496	1.1082342682204081857044785483
0.61371872337504776567687850592	1.1082248216372894465466372666
0.615491847987474206552809942	1.1082067267352839863762929352
0.61724599299576630557187235871	1.1081796264335467170813252515
0.61898108722715341123023862499	1.1081431626198863480002393928
0.62069706133657942713492632547	1.1080969762738214371004562946
0.62239384778696033131389766406	1.108040707590612982251365124
0.62407138083036781388351495048	1.107973996105932225297217898
0.62572959649011824548726938395	1.1078964808213736159779097604
0.62736843254374589143499616119	1.1078078003306838800775899667
0.62898782850683899789614521478	1.1077075929467326710495686172
0.63058772561771714079309482596	1.1075954968291484100076494055
0.63216806682292800375953390389	1.1074711501126295607858701427
0.63372879676354157606953002427	1.1073341910358089591336974565
0.63526986176221959091016337692	1.1071842580710201764171534969
0.63679120981103790251844886755	1.1070209900540165320445054156
0.63829279056003938699789607893	1.1068440263148447397783635323
0.63977455530649487189173930438	1.1066530068087432633231886272
0.64123645698484953746719547963	1.106447572247862983898708365
0.6426784501573321947521962661	1.1062273642330011682772661059
0.6441004910052048323627528758	1.1059920253861001428094959702
0.64550253732062982202383393893	1.1057411994823590229202824733
0.64688454849913219460023365534	1.1054745315837628858112470007
0.64824648553263444692366685566	1.1051916681715762493659152608
0.64958831100304139222685463542	1.1048922572797253341234993961
0.65090998907635263971740215801	1.104575948628263880507420439
0.65221148549728038805610768105	1.1042423937566370295661090842
0.65349276758435032577118553448	1.1038912461570850474180769952
0.65475380422546353553201971566	1.1035221614080228387607967772
0.65599456587389746519978013491	1.1031347973072130869152215356
0.65721502454472415634979093538	1.1027288140049365568357868159
0.6584151538116240879135036645	1.1023038741366412033135980376
0.65959492880407417979745074608	1.1018596429558046810556988451
0.66075432620488867610961588915	1.1013957884657214819975030854
0.66189332424809183579857891255	1.1009119815516389397987207966
0.66301190271710156531037885218	1.1004078961118973275867427788
0.66411004294320335432790350761	1.0998832091887200017298206385
0.66518772780429409938741588027	1.0993376010983651845752236079
0.66624494172387565167493189482	1.0987707555607482622386569834
0.66728167067027817055239018585	1.0981823598277801418099355747
0.66829790215609362563819193175	1.0975721048117556902999527755
0.66929362523780006033076532157	1.0969396852123217076980226384
0.67026883051555750784562198699	1.0962847996420519335239130477
0.67122351013315673313565185973	1.0956071507521608516044009367
0.67215765777810227744175323107	1.0949064453564258646859437297
0.67307126868181153453943847263	1.0941823945533699810601722098
0.67396433961991204634381839268	1.0934347138487268508826600806
0.6748368689126192271624895141	1.092663123275090966289699692
0.67568885642517740546755451009	1.0918673475110101191092871075
0.6765203035683471166178083597	1.0910471159986573804343811929
0.67733121329892204567750755541	1.0902021630594310483768400475
0.67812159012025933710383211517	1.0893322280086406907470699906
0.67889144008280728802301091067	1.0884370552679818798665155384
0.67964077078461487330646525926	1.0875163944765350452881676468
0.68036959137180780579921487025	1.0865700006003242138240607835
0.68107791253901626662042592572	1.0855976340388613077874504267
0.68176574652973975979260404833	1.0845990607312707044822056256
0.68243310713663493395529140654	1.0835740522592759601627353969
0.68308000970171256722885343969	1.0825223859485457104423685427
0.68370647111643027228283204726	1.0814438449680315406623829279
0.68431250982166791786551070945	1.0803382184265867276708843563
0.6848981458075730096473207791	1.0792053014681335163536454298
0.68546340061326381708759863893	1.0780448953633318458116013318
0.6860082973263782771110733749	1.0768568076002100582310892765
0.68653286058245716441986871014	1.0756408519714871535157066147
0.68703711656415038232248814606	1.0743968486593402238559600865
0.68752109300023561113775996857	1.0731246243177959356111919955
0.6879848191644389478711613424	1.0718240121530198166708707416
0.68842832587404755542334163521	1.0704948519998423700225373029
0.68885164548830473348157516661	1.0691369903964027714834104573
0.68925481190657820234375382772	1.0677502806556447141829936881
0.68963786056629280298664491961	1.0663345829340640185508161852
0.69000082844061918047011606346	1.0648897642974321229853974455
0.69034375403591043409719679548	1.0634156987838698709288796118
0.69066667738887908808765727884	1.0619122674635861444208602147
0.69096964006350713326995544178	1.0603793584957740530056636594
0.69125268514768228282949961868	1.0588168671826729860507339303
0.69151585724955396171575692524	1.0572246960197363066894607937
0.69175920249360294420387642818	1.0556027547437212946149681625
0.69198276851641893126227853156	1.0539509603768072942340534737
0.69218660446218074583275983912	1.052269237267819608805453021
0.69237076097783419977003981331	1.0505575171301557488855499452
0.69253529020796306833025854709	1.0488157390764206587025820684
0.69268024578934897419290489259	1.0470438496499190016073879366
0.69280568284521636843259416774	1.0452418028524605258192097314
0.69291165797915915071809761667	1.0434095601693007619015685847
0.69299822926874584517342723076	1.0415470905905622022435650409
0.69306545625880060816171580628	1.0396543706287698335660464639
0.69311339995435769983381242533	1.0377313843341136215874068675
0.69314212281328741639171796473	1.0357781233051110925400319559
0.69315168873859181320412764466	1.0337945866966264277039937184
0.6931421630703689123448481089	1.0317807812244103185010771017
0.693113612577444421371864548	1.0297367211658658813264630545
0.69306610544867032493085271584	1.027662428357701920104309887
0.69299971128389005498527819116	1.025557932190165980794801401
0.69291450108457025951237196155	1.0234232695977066148283799912
0.69281054724409951836833087812	1.0212584850464601811024410852
0.69268792353775467676725806741	1.0190636305181264204571284984
0.69254670511233576503539553216	1.0168387654906085048622819638
0.6923869684754707964685256158	1.0145839569152949853169732583
0.69220879148459202269238501573	1.0122992791908662250378693496
0.69201225333558551880271870959	1.0099848141341502221429546427
0.69179743455111627872494322182	1.0076406509468257258185527595
0.69156441696863125050296498581	1.0052668861801415977742608653
0.69131328372804305330417054234	1.0028636236951567457652814594
0.69104411925909735569728396127	1.0004309746203641164031367502
0.69075700926842718004009439929	0.9979690573061980555949882695
0.69045204072629764339995393825	0.9954779972761982468226751551
0.6901293018530448776847976185	0.9929579271747649887155331745
0.68978888210521320302956535512	0.990408986712890657252722803
0.68943087216139467192611216923	0.9878313226089665725868907861
0.68905536390777557932835298528	0.9852250885290501056856354384
0.68866245042339454805753668584	0.9825904450219072059432534839
0.68825222596511713548042898958	0.9799275594525334388738880174
0.68782478595233203895130347093	0.9772366059324057987093125982
0.6873802269513742529268328232	0.97451776524676544251397896
0.68691864665968064665552891565	0.9717712247796663534969573906
0.6864401438896836641557686152	0.9689971784356567492103312781
0.68594481855244902528269758562	0.9661958265591167753721778236
0.68543277164106345086243164913	0.9633673758516260013258276799
0.68490410521377861586179742047	0.9605120392854299737783969624
0.68435892237691769222944137433	0.9576300360158952587842939688
0.68379732726755097959686692183	0.9547215912907504250105265726
0.6832194250359472687643272069	0.9517869363572193265551362946
0.68262532182780771940963487371	0.9488263083664681708736008165
0.68201512476628915519227955688	0.9458399502769519171138475007
0.68138894193382379187097964522	0.9428281107544113379861783026
0.6807468823537425095635619995	0.9397910440703712030227146097
0.68008905597170898941781524437	0.9367290099988976025077127262
0.67941557363697190428486055474	0.9336422737107460370730973419
0.67872654708344273584078664238	0.9305311056664131207069698852
0.67802208891060655830202634065	0.9273957815068387889870190486
0.67730231256427353397276786338	0.9242365819425673567743663429
0.6765673323171788254071151878	0.9210537926419899618173615741
0.67581726324943754365746215309	0.9178477041162436100657770251
0.67505222122886511094997803464	0.9146186116051566230394309459
0.67427232289116786115893354446	0.9113668149590295943027619301
0.67347768562001269621810597007	0.9080926185219291086927723008
0.67266842752698611800228562483	0.9047963310114250996751371997
0.67184466743144504187196080358	0.9014782653981121245044636301
0.67100652484027357379141224544	0.8981387387843474106973164784
0.67015411992754963801953504346	0.8947780722814818390693953734
0.66928757351412905235869506507	0.8913965908861721101350964778
0.66840700704716079277986561698	0.8879946233564771311474249614
0.66751254257953110390097640408	0.8845725020858161443322709675
0.66660430274925470723168184847	0.8811305629779824213268605721
0.6656824107588147734521605731	0.8776691453201732682807521753
0.66474699035446159475478925704	0.8741885916561423206246032587
0.66379816580547750183879833628	0.8706892476584775797258693963
0.66283606188341582764002016587	0.867171462001176192555660638
0.66186080384132166002053235652	0.8636355862309289827355894267
0.66087251739294236139218246512	0.8600819746390430424554817048
0.65987132869193405577894751646	0.8565109841325772887892411533
0.65885736431107487597395756083	0.8529229741060768329377235205
0.65783075122149006788172420403	0.8493183063123090338665704133
0.65679161677189349998143592231	0.8456973447340540216945973295
0.65574008866786288977898180135	0.8420604554554151562285895442
0.6546762949511418707742980486	0.838408006533521692741414138
0.65360036397899133291808991004	0.834740367870340461543468408
0.65251242440358329037536178827	0.831057911085560648556460571
0.6514126051514546556825142977	0.8273610093879427096480491111
0.65030103540302246876024526643	0.8236500374502675966450888954
0.64917784457216937757155260372	0.8199253712813520591815603213
0.6480431622859044979762370361	0.8161873881014851677426987011
0.64689711836411059243344659802	0.8124364662168618539794263346
0.64573984279937698542735776236	0.8086729848953056115918905403
0.64457146573693183894447484231	0.8048973242427222257464392779
0.64339211745467601499149200231	0.8011098650806463350143575688
0.64220192834332502317179027682	0.7973109888240869304104982732
0.64100102888666768336067609296	0.7935010773609176957734929367
0.63978954964194477150878685592	0.7896805129319542949682540247
0.63856762122035346270890314284	0.7858496780122305567854401353
0.6373353742676861129496553891	0.7820089551933047517198930639
0.63609293944510618564572267247	0.7781587270668488147351277663
0.63484044741006802114159449994	0.7742993761093214532125831064
0.6335780287973855621740816528	0.7704312845679038568782247406
0.63230581420045527295133354981	0.766554834348081506268053912
0.6310239341526383105843587542	0.762670406901974558884939547
0.62973251910880690862437820765	0.7587783831186018811002193213
0.62843169942705971006325987579	0.7548791432153121501809154422
0.62712160535061112307399586777	0.7509730666307522050094759721
0.62580236698985742177035055233	0.747060531919341765794480683
0.62447411430462807949404856467	0.7431419166475423647077090543
0.62313697708662118734535830705	0.7392175972912127553389518744
0.62179108494203207802244067051	0.735287949134612460412777739
0.62043656727437435837795574343	0.7313533461721852874984656711
0.61907355326750107587764201682	0.7274141610102395627236813394
0.61770217186882885712973729824	0.7234707647716574126466732392
0.61632255177276721916595448649	0.7195235270018897671224815187
0.61493482140435572087070805791	0.715572815576638131438238685
0.61353910890311586343513807857	0.7116189966115338055691595165
0.61213554210711728950539698157	0.7076624343734925543588097233
0.61072424853726306963527443519	0.7037034911939462383993944458
0.60930535538179484093180791674	0.6997425273836894770384368097
0.60787898948102527423874551984	0.6957799011501694861551158377
0.60644527731229302213144042782	0.6918159685159104015839500191
0.60500434497514938036210231149	0.6878510832394154578024038108
0.60355631817677503324322354009	0.6838855967377251110074919078
0.60210132221763052963930852738	0.6799198580108025172048092233
0.60063948197734118589019627383	0.6759542135682375192357323979
0.59917092190082039332085935789	0.6719890073572981469431271619
0.59769576598463038266129671837	0.6680245806933844652823044413
0.59621413776358418842470699749	0.6640612721923944918983713301
0.59472616029758913501222468617	0.6600994177047497643527543206
0.59323195615873338134599934871	0.656139350251864832931877091
0.59173164741861684066009900276	0.6521813999636670132668148351
0.59022535563592731746552199641	0.6482258940195347096248784939
0.58871320184426295069327647644	0.6442731565894175058049979166
0.58719530654020165834089820514	0.640323508778655969746168706
0.58567178967161833176040134702	0.6363772685733391154602936989
0.5841427706262502782618936713	0.6324347507884433957985761245
0.58260836822051114716340008921	0.628496267017611467681004351
0.58106870068855451427234503661	0.6245621255849032752118866019
0.57952388567158576930082391539	0.6206326314984867009998211266
0.57797404020742403056602848397	0.6167080864062477035856806175
0.57641928072031300761355175438	0.6127887885532055060599607668
0.57485972301098106759876510022	0.6088750327411034091031396721
0.57329548224695028976755866658	0.6049671102894233618113390345
0.57172667295309451580249335861	0.6010653089988003873033730423
0.5701534090024424041568387214	0.5971699131158314702573862346
0.56857580360723585064589160458	0.5932812032999660886835647117
0.56699396931022510179031816106	0.5893994565922862260617571782
0.5654080179762180747430794466	0.5855249463857684569272006126
0.5638180607838688813049291937	0.5816579423978040289538149935
0.56222420821771955797006624317	0.5777987106439511743380265245
0.56062657006047397154428678009	0.5739475134140417059556517029
0.55902525538552338975649009487	0.5701046092494212134767090207
0.55742037254970513622283033393	0.5662702529223753623723462347
0.55581202918631094149910678385	0.5624446954169499794479616646
0.55420033219832498252110044167	0.5586281839116262923201571326
0.55258538775190356648730824677	0.5548209617635878258628621128
0.55096730127008480502433883249	0.5510232684945245492690099359
0.54934617742674507773630612157	0.547235339778131688946075597
0.54772212014077206335065619998	0.5434574074292552693429175652
0.54609523257047661871461186586	0.5396896993943967529679020278
0.54446561710823730206784512761	0.5359324397439630973936695401
0.54283337537536185072779270735	0.5321858486658704732740412834
0.54119860821718145511459495336	0.5284501424607046199076818591
0.53956141569836442093310875281	0.5247255335382977178582026645
0.53792189709845751622991863418	0.5210122304157896750101471081
0.53628015090763422454527984208	0.5173104377170281485697611341
0.53463627482267014767189255681	0.5136203561733867091099327762
0.53299036574313339411527817135	0.5099421826259316109954342531
0.53134251976777427259172873033	0.50627611002888249715008619
0.52969283219114861695044545922	0.502622327454422577246621713
0.52804139750042463215114097709	0.4989810200987226356505376723
0.52638830937241079607016387981	0.4953523692892436464251764295
0.52473366067078273602845577733	0.4917365524932439022933802974
0.52307754344350406538536304063	0.4881337433274452927855054097
0.52142004892046722748697129373	0.4845441115689460482729435697
0.5197612675112980070629078113	0.4809678231671305843309985782
0.51810128880337967099151457209	0.4774050402568061184968090159
0.51644020156005483090770047715	0.4738559211723541089526925125
0.51477809371902309483854133547	0.4703206204629279695076487014
0.51311505239091435293357651088	0.4667992889086987143063776305
0.51145116385805581517928796079	0.4632920735380801049414177477
0.50978651357341332620813820112	0.4597991176459147990868616666
0.50812118615970484686146928376	0.4563205608125682465205711382
0.5064552654087082912671170806	0.4528565389240390061884739422
0.50478883428071792816780738182	0.4494071841928142361100471894
0.50312197490417885034320992485	0.445972625179681144886486138
0.50145476857549836470908307896	0.4425529868162970772221148443
0.49978729575901204824400013732	0.4391483904286334063487319594
0.49811963608710649047472300172	0.4357589537611386145258320395
0.49645186836050501712941142835	0.4323847910016475439431594042
0.49478407054871886354330655652	0.4290260128070766560619814876
0.49311631979063250302588572837	0.4256827263297324660993236343
0.49144869239526270833962011838	0.4223550352443628581787915082
0.48978126384262858192222967997	0.4190430397757719554238627886
0.48811410878481621233327752591	0.4157468367271711729229852772
0.48644730104713444844384632664	0.4124665195089870749727374539
0.48478091362944688842508613228	0.409202178168351002007863473
0.48311501870762312317714201117	0.405953899419077669379063292
0.48144968763512295024644566718	0.4027217666721713680709037075
0.47978499094472232574046930285	0.3995058600668466558151722055
0.47812099835034663436685386858	0.3963062565019889999110298164
0.47645777874905811785150978238	0.3931230296681125795391826036
0.47479540022314272259278679854	0.3899562500797054852466833368
0.47313393004232386563638293061	0.3868059851079937135809417702
0.4714734346660949369455079792	0.3836722990140868421129381239
0.46981397974616349613526250508	0.3805552529824811227722141071
0.46815563012901066340123584092	0.3774549051549071471375699419
0.46649844985855733883527172996	0.3743713106644901639509867148
0.4648425021789300791759136321	0.3713045216701941419243187274
0.46318784953735443359876875322	0.3682545873915833038503154364
0.46153455358711413709929610463	0.3652215541437844775413305067
0.45988267519062685344747222852	0.3622054653726940148714345866
0.45823227442263426806104518914	0.359206361690468425922827552
0.456583410573451980757327912	0.3562242809111231059452871043
0.45493614215233203757633591213	0.3532592580863770497666104186
0.45329052689089720252707386527	0.3503113255415152363255773439
0.45164662174669434177461743705	0.3473805129117470148911102759
0.45000448290677981745099957136	0.3444668471781891689831378593
0.44836416579143037307390003379	0.3415703527043535861478446991
0.44672572505791225912014593316	0.3386910512725526027720699039
0.44508921460433023856426793942	0.3358289621204163774154986655
0.44345468757355346914112543886	0.3329841019774641350217492076
0.44182219635719514184852107349	0.3301564851016945354662921223
0.44019179259969279538492086286	0.3273461233162651021966789271
0.4385635272024320137141018793	0.3245530260461089483521294421
0.43693745032792958552964029972	0.321777200354590738926634461
0.43531361140412560672244023925	0.3190186509801839063381103216
0.43369205912863410035176150139	0.316277380372963934937793525
0.43207284147317661012647920379	0.3135533887312819193270715754
0.4304560056879827233533210803	0.3108466740381732657305179754
0.42884159830629336101197938267	0.3081572320978851361915865065
0.42722966514886338598742961425	0.3054850565720882948043334131
0.42562025132856745592554971676	0.3028301390162558650480796203
0.42401340125502441673702806873	0.3001924689157245199054594205
0.42240915863927270256980221912	0.2975720337217604567506178151
0.42080756649848708680655988198	0.2949688188874691554627440474
0.4192086671607484237304333133	0.2923828079035124661668455164
0.4176125022698135351498718339	0.289813982333746575781715135
0.41601911278998313074947148471	0.2872623218506705526775374691
0.41442853901096498757614368026	0.2847278042707210924689665338
0.41284082055278079684107013773	0.2822104055893691543163199146
0.411255996370683881778866173	0.2797101000159882775369219524
0.40967410476014644353767492788	0.2772268600086716194646888558
0.4080951833618543415975896204	0.2747606563086637331301326747
0.40651926916670155998222724841	0.2723114579746914135802443231
0.4049463985208785266293748995	0.2698792324170600314066202527
0.40337660713091498062918980997	0.2674639454315230570076080956
0.40180993006877425829301667955	0.2650655612328565985732776771
0.40024640177696882667864622848	0.2626840424882940534341311213
0.39868605607368544295519603621	0.2603193503506202309583259449
0.39712892615792290277281411305	0.2579714444910659137631347665
0.39557504461470333112388489133	0.2556402831319845100531363762
0.39402444342014230757431086751	0.2533258230790603733003282968
0.39247715394673355767544270932	0.2510280197535337214729816011
0.39093320696853460302164875864	0.248746827223998875121025416
0.38939263266631839134119024791	0.2464821982378382067191377583
0.38785546063283351515963300925	0.2442340842525396906510965901
0.38632171987802425297368317291	0.2420024354666419083077669942
0.38479143883420965541418760923	0.2397872008503219702623149572
0.38326464536142159026496366108	0.2375883281759069109789883661
0.38174136675250330372638565953	0.235405764047754049047659436
0.38022162973845367837451142144	0.2332394539321342978370575851
0.3787054604936050024164328407	0.2310893421866315573070364761
0.37719288464087072743123289038	0.2289553720892135491974767584
0.37568392725701212813050875035	0.2268374858672446524050966486
0.3741786128778182425203418299	0.2247356247257787107379123322
0.37267696550333512777235458944	0.222649728875822202221870811
0.37117900860312613172246599579	0.2205797375622395559793661637
0.3696847651214604135479879104	0.2185255890912895519510090606
0.36819425748251955065118863316	0.216487220857735815435442199
0.36670750759559914971009823475	0.214464569371865161165048839
0.36522453686029810904136360166	0.2124575702860869020703935204
0.36374536617169538183768850212	0.2104661584209989563577607561
0.36227001592550295236843983055	0.208490267791419206637948577
0.3607985060232830142559480256	0.2065298316319109062808989178
0.35933085587752061636420566542	0.2045847824221478210758869412
0.35786708441671407380122154728	0.2026550519115873404269738301
0.35640721009064899124445123687	0.2007405711442907841910578177
0.35495125087532647685393122945	0.1988412704830357014713146514
0.35349922427816098526847504186	0.1969570796333498376368479174
0.35205114734294348372583185948	0.1950879276668921805856888537
0.35060703665502547696194552795	0.1932337430450547431439065603
0.34916690834620245830761664999	0.1913944536414743050645642976
0.34773077809982492384056296138	0.1895699867649226131779919176
0.34629866115570278830692351932	0.1877602691814096547180749301
0.34487057231515674743786049048	0.1859652271361967389980808179
0.34344652594593883179100074303	0.1841847863753852772034984302
0.34202653598713715152413286896	0.1824188721671826111670786438
0.34061061595408835119451853544	0.1806674093228236982361971692
0.33919877894329677434697364032	0.1789303222172455972229937613
0.33779103763722267505705036022	0.1772075348093301334452556937
0.33638740430918207183268989391	0.1754989706619107693903315245
0.33498789082807589064253417035	0.1738045529614095795543981378
0.33359250866328303142996782378	0.1721242045371062769228641973
0.33220126888931736427124870091	0.1704578478803635095580640356
0.33081418219062808183959950245	0.1688054051631022495989045225
0.32943125886625569021292558255	0.1671667982561889540579065344
0.32805250883458776183319504765	0.1655419487476980010488733528
0.32667794163789881652543731647	0.1639307779604570176725209394
0.32530756644703782565850703386	0.1623332069695982904927622142
0.32394139206610401135061742229	0.1607491566197331648612082972
0.3225794269368494625657656719	0.1591785475416721415967553565
0.32122167914335915143316895129	0.1576213001691100680104941478
0.31986815641641377226180121038	0.156077334754562143288690268
0.31851886613818341690975292958	0.1545465713857323906294499925
0.31717381534647509376128479399	0.1530289300007580269306863639
0.3158330107392843779364345847	0.1515243304038380662104537611
0.31449645867911811138096112635	0.1500326922800882484131770217
0.31316416519740582753714906527	0.1485539352103887323195121083
0.3118361359987767458453500538	0.1470879786858863618537114122
0.31051237646540847873044221231	0.1456347421220948966708780945
0.30919289166127601444389291013	0.1441941448729427358560241007
0.30787768633635773546109147191	0.1427661062442547244529928763
0.30656676493095489212425256315	0.1413505455073177803589187324
0.3052601315797370790070726147	0.1399473819117617635653718462
0.30395779011589671688133070573	0.1385565346984346856597452032
0.3026597440753339157567265935	0.1371779231120015622157721829
0.30136599670071825291270753263	0.1358114664132531952199707171
0.30007655094550576479138122822	0.1344570838910540579117890054
0.29879140947798258696025843289	0.1331146948741616988065159898
0.29751057468516829664973137075	0.131784218742634197021774196
0.29623404867694140242687500957	0.1304655749393270112937267434
0.29496183328975854971392852427	0.1291586829806191699305731383
0.29369393009061789957879019312	0.1278634624673058594071780662
0.29243034038101747099045386656	0.1265798330951686715490128767
0.29117106520058161037908242285	0.1253077146651518223376178395
0.28991610533099023631527423689	0.1240470270934175772911304122
0.28866546129967841288327284128	0.1227976904212131219265336882
0.2874191333835699625877440938	0.12155962482434176412843785
0.28617712161276224968070291483	0.1203327506225801539001196678
0.28493942577420660871516426564	0.1191169882887716917160001875
0.28370604541524980651905368539	0.1179122584576570878072548025
0.28247697984733539301866818135	0.1167184819346421158336441368
0.28125222814947789263331953502	0.1155355797041427703663865196
0.28003178917183322901056627552	0.1143634729379140707849464559
0.27881566153928062704854096791	0.1132020830031214410619657832
0.27760384365452826768169001466	0.112051331469828477237253122
0.27639633370204737372992810989	0.1109111401190885968863444104
0.27519312965111560530674764487	0.1097814309500356855234182883
0.27399422925914611998490869079	0.1086621261870138316923914213
0.27279963007531702293210493618	0.1075531482869131463625787275
0.27160932944360102146118546836	0.1064544199457168776326953743
0.27042332450614574586518979169	0.1053658641052188860089931741
0.26924161220655412650052453176	0.1042874039595253439992855024
0.2680641892928770578046812544	0.103218962961086667591418785
0.26689105232101397726144630448	0.1021604648269875729638437599
0.26572219765769566784887556492	0.1011118335446966944201700411
0.26455762148373552057011488382	0.1000729933779001373809789721
0.26339731979691498676361496385	0.0990438688718629456724310774
0.262241288415186442308894836	0.0980243848589270269623802104
0.26108952297955201353739198858	0.0970144664636058730607234772
0.2599420189571694976087236698	0.0960140391077145124944540258
0.258798771644217215359408698	0.095023028515151523969146458
0.25765977616883151005813580678	0.0940413607166163341791112772
0.25652502749399136411091555956	0.0930689620541654726021417581
0.25539452042037267604403040217	0.0921057591855894150207219144
0.25426824958917185449754481466	0.0911516790886474548117212524
0.25314620948489889522846533991	0.0902066490651468955745559902
0.25202839443814009807002397784	0.089270596744883797644410825
0.25091479862828950257546859042	0.0883434500894225588981112185
0.24980541608625859339194626423	0.0874251373957900939939615489
0.24870024069714929263412568072	0.0865155872998995026616989735
0.24759926620282334172288450585	0.0856147287799410664243416321
0.24650248620470147411396689912	0.0847224911597285705989167858
0.24540989416614316585536648586	0.0838388041116482237341271442
0.24432148341510729274074443158	0.082963597659698817558437555
0.24323724714666048846461153848	0.0820968021823421313497562848
0.24215717842550597152951463321	0.081238348415224833474288109
0.24108127018831681483331230756	0.0803881674537003436753626658
0.24000951524633950365116551421	0.0795461907553749484552750399
0.23894190628784796447084441883	0.0787123501425477642755288256
0.23787843588021223586647152588	0.0778865778041835003937518412
0.23681909647260300062644764316	0.0770688062983077299777585215
0.23576388039814424698957963245	0.076258968553884523720358985
0.23471277987625736259235850639	0.0754569978727580931030735739
0.2336657870148686749844075884	0.0746628279313899909281986059
0.23262289381285915024478608105	0.0738763927827181764843759052
0.23158409216194470477340465457	0.0730976268574702031006849567
0.23054937384918440941310359216	0.0723264649659042844549861222
0.22951873055898311247771758709	0.0715628422990618888672994518
0.22849215387517866308268628016	0.0708066944300256085231914316
0.22746963528353512482412004172	0.0700579573153975402526906747
0.22645116617323983361246993087	0.0693165672959625400362779661
0.22543673783937108171915142458	0.0685824610979910180489284085
0.22442634148482637528606107878	0.0678555758341032628633588033
0.22341996822232353025171795182	0.067135849004068885203401902
0.22241760907641072873167275983	0.066423218495622567334367607
0.22141925498539342495287349233	0.0657176225850294250403847955
0.22042489680330728395509590955	0.0650189999377717934690874906
0.21943452530179843454102465492	0.0643272896089970321610856795
0.21844813117202124118473386385	0.0636424310439450800276439234
0.21746570502651046825566633436	0.0629643640783583018628787602
0.21648723740099879120224235758	0.0622930289386398232269026347
0.2155127187562569921918974101	0.0616283662421963745876844773
0.2145421394798620044914311468	0.0609703169974932038362711406
0.21357548988797520158721199061	0.0603188226040688906486044557
0.21261276022709913746722608051	0.0596738248526837389362290802
0.21165394067576980516163633391	0.0590352659250915179036214101
0.21069902134629445150855922061	0.0584030883940114403570646643
0.20974799228638849600713202536	0.0577772352228252734291533257
0.20880084348086818133160142187	0.0571576497654703493310133421
0.20785756485325013157681631835	0.0565442757659672025169953422
0.20691814626739208050309855153	0.0559370573581394132388975442
0.20598257752904989186571702808	0.0553359390651275996735965908
0.20505084838748155142596221529	0.0547408657989254183451652476
0.20412294853695895372074186759	0.0541517828598365143414348027
0.20319886761831256253520721232	0.0535686359358639838936818219
0.20227859522044269578305083811	0.0529913711020684801256244348
0.20136212088177910908825106791	0.0524199348198729932790344375
0.2004494340917617668438329868	0.0518542739363083651408822933
0.19954052429229242291039112881	0.0512943356832347415278862654
0.19863538087912823708334794601	0.0507400676764908792967045615
0.19773399320331262898688806806	0.0501914179150019503107839211
0.19683635057255494087973371522	0.049648334779879062919697274
0.19594244225257715763297544262	0.0491107670334145662557999835
0.19505225746847181319868418186	0.0485786638180934911805344862
0.19416578540604094086636202035	0.0480519746555421613850728161
0.19328301521307482651366821152	0.047530649445429673599631921
0.1924039360006570270690286117	0.0470146384643500257760244477
0.1915285368444376461694433799	0.0465038923646430720598384189
0.19065680678587053268765340921	0.0459983621732092401808584248
0.18978873483347080306465425993	0.0454979992902821651237684175
0.18892430996400140513038084688	0.0450027554881462377381074405
0.1880635211236882885453790312	0.0445125829098450306188878423
0.18720635722939897501013973171	0.0440274340678491312940626405
0.18635280716980548837559678895	0.043547261842706314323829041
0.18550285980653414290862866395	0.0430720194816461774557432867
0.18465650397528057961605224952	0.0426016605971597834945738991
0.18381372848693104358376837486	0.0421361391655539362963882497
0.18297452212866884681050302952	0.0416754095255034640546972616
0.1821388736650308729799914251	0.041219426376518159936022589
0.1813067718389900710764605163	0.0407681447774561329787086535
0.18047820537299901284271254561	0.0403215201449658165852176009
0.17965316297000292414435712365	0.0398795082519146832601517329
0.17883163331448180301117639371	0.0394420652258130817733824084
0.17801360507343246467527254424	0.0390091475471985559176017552
0.17719906689735924781669629065	0.0385807120480101205814187404
0.17638800742123676276633674354	0.038156715909928096966199782
0.17558041526548511380318186151	0.0377371166627268198890589502
0.17477627903687888679753241958	0.0373218721825701000002605126
0.17397558732949273234592268273	0.036910940690322507623485447
0.17317832872560531566120248495	0.0365042807498232304627694658
0.17238449179659416111769194274	0.0361018512661378715389285504
0.17159406510383066118667935784	0.0357036114838602124071086863
0.17080703719952483545552909131	0.0353095209852857121005514516
0.1700233966275932121790518341	0.0349195396886649839016103226
0.16924313192450178029698724762	0.0345336278464190525031701053
0.16846623162008826452400331597	0.0341517460433239259567924408
0.16769268423836934672775300226	0.0337738551946972368911321082
0.16692247829835672714470222921	0.0333999165445845118645633281
0.16615560231483045465120178682	0.0330298916639120362484025942
0.165392044799123993507101703667	0.0326637424486490635757971531
0.16463179425987045980014335449	0.0323014311179499214797610436
0.163874839203768036169759631754	0.0319429202122727588480440813
0.16312116813630706106628546065	0.0315881725915581877088842037
0.16237076956250340288394165838	0.0312371514332973088484962619
0.161623631987597462972098905692	0.0308898202306702555139362404
0.160879743917771178559496068782	0.0305461427906529287956429724
0.160139093860822585359398292979	0.0302060832321195086287044772
0.159401670326845262872068671427	0.0298696059839117588814031481
0.158667461828897093270824796012	0.0295366757829836264427079232
0.157936456883661871489172609561	0.0292072576724474706107868414
0.157208644012075362584294471067	0.0288813169996452223883064802
0.156484011739965453835252971558	0.028558819414261474955172766
0.15576254859867348549780902249	0.0282397308663945304602225954
0.155044243125661950802609416568	0.027924017604601010665821742
0.154329083865120275057299068822	0.0276116461739897978456371082
0.15361705936854120076878896707	0.0273025834142813052373047307
0.152908158195307507614131397209	0.0269967964578796365865601803
0.152202368913262253504968564573	0.0266942527279206920945893935
0.151499680099257271938805929764	0.0263949199363758123426763979
0.150800080339704280549234914588	0.0260987660820494066862603197
0.150103558231112858887753046145	0.0258057594487298624398899397
0.149410102380635853471249054865	0.0255158686031660859874441246
0.148719701406551793300393338043	0.0252290623932032999608188474
0.148032343938804156635059042544	0.0249453099458002363352952353
0.147348018619483586837875518664	0.0246645806651182195793922983
0.146666714103328744854190348382	0.024386844230589204425279398
0.145988419058203967856085652055	0.0241120705949706441874906407
0.145313122165565426797681146831	0.0238402299824479871905694773
0.14464081212093583944014759635	0.0235712928866753137160496003
0.143971477634340304154208292014	0.0233052300688685566057362396
0.143305107430778802533296601832	0.0230420125559002123843419345
0.142641690250634008562592946986	0.0227816116383612389584137265
0.141981214850124603100226241428	0.0225239988686505919958228662
0.14132367000170688463822475647	0.0222691460590844743908157614
0.140669044494495671830389130798	0.0220170252799724238467732093
0.140017327134666417220743422839	0.0217676088577218838641563957
0.139368506745860145393149663655	0.0215208693729616551911324534
0.13872257216954985002371600632	0.0212767796586133503958892968
0.138079512265435040824060495859	0.0210353127980340062266750391
0.137439315911821590528518992083	0.0207964421231304582947256246
0.136801972005966627505398068122	0.0205601412124774206003210572
0.136167469464456844835426580806	0.0203263838894357142837803173
0.135535797223539893751929341626	0.0200951442203326111938922837
0.134906944239481893830095306115	0.0198663965125433135272059243
0.134280899488887851623795912992	0.0196401153126838879550350128
0.133657651969049802588769328733	0.0194162754047445293509216975
0.133037190698245932616798720362	0.0191948518082591974265810186
0.132419504716082456785872626185	0.0189758197764524833152730515
0.131804583083765707377931603608	0.0187591547944505367579048598
0.131192414884440530923487198103	0.0185448325774339658351058117
0.130582989223458515513403494727	0.0183328290688167035263236246
0.129976295228675524137117325672	0.0181231204384681710715379019
0.129372322050729241936984572163	0.0179156830809087436292886411
0.128771058863331324513340421621	0.0177104936135023331677602604
0.128172494863509587081274154736	0.0175075288746930771585269361
0.127576619271886834080564092372	0.0173067659222137153133714683
0.126983421332941001322855246399	0.0171081820313470672090675498
0.126392890315244392423339942679	0.0169117546931256525972947067
0.125805015511714640413513174328	0.0167174616126173905385177704
0.125219786239849127861622062551	0.0165252807071493927458116986
0.124637191841982954473949633279	0.0163351901046153211073604159
0.124057221685472520953113780741	0.0161471681417085779186085214
0.12347986516295499090833317619	0.0159611933622290277627949554
0.122905111692549722545557708972	0.0157772445153577232719942301
0.122332950718063739925685548311	0.015595300553975123360291499
0.12176337170922690510171987432	0.0154153406329464791400042428
0.121196364161851258388872722825	0.0152373441074572040180779268
0.120631917598057166556349588362	0.0150612905313332523220631976
0.120070021566451686646051924382	0.014887159655370404802894451
0.119510665642305767460195402488	0.0147149314256759019938780095
0.118953839427775806127126898212	0.0145445859820383321238171597
0.118399532552021075365960904179	0.0143761036562586258474178119
0.11784773467141321602967399517	0.014209464970566667838486252
0.117298435469690409091741972104	0.0140446506359422449568856443
0.116751624658121996012980789385	0.0138816415505575110772080789
0.116207291975665763387318120184	0.0137204187981477830065822236
0.115665427189121825682382530788	0.0135609636464163907821568281
0.115126020093258340711341486451	0.0134032575454702147337004704
0.114589060511001139351481894621	0.01324728212623613255789118
0.114054538293538785815984603476	0.0130930191988884762001231046
0.113522443320461925361130424929	0.0129404507513166826005487562
0.112992765499898203204606517851	0.0127895589475495360513150369
0.112465494768640232883405474552	0.0126403261262539295748046502
0.111940621092264651555507500902	0.0124927347991794547462334464
0.111418134465262497187137543425	0.0123467676496610956499695916
0.110898024911134707403815850018	0.0122024075311027051518017393
0.110380282482520466007404711457	0.0120596374654825621532422658
0.109864897261293084419342382726	0.0119184406418672596730352852
0.109351859358672028286914716422	0.0117788004149318734662525626
0.108841158915317682626362429544	0.0116407003034919423833042336
0.108332786101436615346531482729	0.0115041239890479869856771549
0.107826731116837672170813464133	0.0113690553143260068669208121
0.107322984191080693380580885188	0.0112354782818526915326315695
0.106821535583527921179700391219	0.0111033770525167678376014181
0.106322375583406746678501653437	0.0109727359441496689819976391
0.105825494509920509734535851632	0.0108435394301152128470730052
0.105330882712350918811182026888	0.0107157721379198678584115246
0.1048385305700277930724702016	0.0105894188477967529656166701
0.104348428492522729980404019147	0.010464464491350297169951713
0.103860566919625839638770030876	0.0103408941501703467881417018
0.103374936321448716007597386729	0.0102186930544724139963559739
0.102891527198469232383575491445	0.0100978465817454274337560323
0.102410330081604670843996163758	0.0099783402554107191489897482
0.101931335532246272485709115492	0.0098601597434876801743136968
0.101454534142323249843494004919	0.0097432908572674605378813531
0.100979916534346233194578765351	0.0096277195500014630568547055
0.100507473361453084380398659286	0.0095134319155972791746282603
0.100037195307450139762065632621	0.0094004141873200530588517653
0.099569073086857816106919057548	0.0092886527365104469604019914
0.099103097444940630656319726758	0.0091781340713058820271451001
0.098639259157747269078659275786	0.0090688448353745435653730201
0.09817754903214423189376357826	0.0089607718066608172968409055
0.097717957905822443098230155313	0.008853901896128166128868619
0.097260476647361441162949061648	0.0087482221465320562554183698
0.096805096156231498728955058229	0.0086437197311849292483143422
0.096351807362809415355262271555	0.0085403819527338631689692667
0.095900601228438479514544137034	0.0084381962419594865927934502
0.095451468745383942019313624019	0.008337150156560999061348011
0.095004400936897679408818963323	0.0082372313799744550058434012
0.094559388857209766243789812203	0.0081384277201847189088501744
0.094116423591533124347457381289	0.0080407271085516421057979271
0.093675496256103469766659808918	0.0079441175986514040997307792
0.093236597998149432969384416459	0.007848587365108444971095055
0.092799719995916248757349909985	0.007754124702463564308091214
0.092364853458663905192987507369	0.007660718024025735411976801
0.09193198962666588512761613693	0.0075683558607483494126006459
0.091501119771213126265400269703	0.0074770268601032350540399197
0.091072235194602707644711400191	0.0073867197849794406826736118
0.090645327230136722020527662801	0.0072974235125742329402767114
0.090220387242113053392514814734	0.007209127033300527751378519
0.089797406625818436565137822421	0.0071218194497104022945285679
0.089376376807515129527234683588	0.0070354899754007301644370508
0.088957289244431617251611912731	0.0069501279339724165582110666
0.088540135424736667468333765054	0.0068657227579450598354373511
0.088124906867539903777894330839	0.0067822639877267721809150544
0.087711595122854163374374583718	0.006699741270562632495962566
0.087300191771608683709294676708	0.0066181443595162861362702792
0.086890688425585262789805240477	0.0065374631124187118703749743
0.086483076727423170568756537418	0.0064576874908792153071201613
0.086077348350582052332152323805	0.0063788075592658052408579393