1278.075915551867162	3869.77664464388
1134.9307574338105691	3438.46265794476
1011.3186109643677704	3065.90900023304
904.12114017614101653	2742.73722250409
810.78441552242789586	2461.27437512902
729.20756804705279181	2215.20470880044
657.65249799352294976	1999.30249439402
594.67403998611837307	1809.22192463349
539.06470778063572837	1641.33172199161
489.81103957098265486	1492.58379700086
446.05880594551072056	1360.40843259994
407.08495749858723691	1242.630337942329
372.27501035867757513	1137.400934723281
341.10509052759016646	1043.143092458109
313.12658680286199575	958.506835575272
287.95423244427930894	882.332458647555
265.25596085602649986	813.620559120541
244.74470804105433145	751.50712700902
226.17192950911451185	695.242590779148
209.3211605446847437	644.175430801611
194.00374347641632508	597.737390748169
180.05471772554397708	555.431613681745
167.32960516436091256	516.822423839588
155.70136284255564006	481.527040593945
145.05810913484743392	449.208259917515
135.3010888709566398	419.568345425172
126.34293350302992914	392.34383374575
118.1061805737126702	367.301093536506
110.52199915114312773	344.232529577008
103.52913755113956278	322.953281741714
97.072939215432238849	303.298462008006
91.104581102034854819	285.120682598487
85.580346913994684207	268.287985905816
80.461027454208078042	252.682019312409
75.711420636613825758	238.196428135105
71.299843190706295452	224.735508977819
67.197741434169688257	212.212997655507
63.379350255046280482	200.551009877184
59.821356019537724357	189.679151383182
56.502662153795643703	179.533675104031
53.404183553944303266	170.05673932655
50.508547603143692539	161.195871755
47.799977402935964935	152.9033492582
45.264115088798627153	145.1357228842
42.887874037875790451	137.8533883973
40.65931391317436073	131.0201990953
38.567525644197032976	124.6031257269
36.602529597971164709	118.571953335
34.755195001385789104	112.8990007853
33.017144181178794368	107.558894292
31.380691229882563484	102.528340688
29.838775440407314742	97.785936093
28.384904784607090436	93.31199130398
27.013101482765694813	89.0883787259
25.717855860055676575	85.098392042
24.49409199045720675	81.3266127652
23.337121044188913511	77.7588056795
22.242608869232064413	74.381814873
21.206547151477522207	71.1834693802
20.225225221526118086	68.1524999858
19.295207240676481155	65.27846120709
18.413305879692024548	62.5516662316
17.576563174321700846	59.963123160583
16.782232718959125292	57.5044775288
16.027761422212173129	55.1679620994
15.310773118453295556	52.94635095852
14.629058412342509279	50.8329129341
13.98055655118644583	48.82137798673
13.363349524996148229	46.90589587542
12.775644879969948017	45.08101022113
12.215770024195785641	43.34162473916
11.682162977812507477	41.68297639683
11.173361333562905273	40.1006133812
10.688002693389112274	38.59036434535
10.224806420863664378	37.14832883647
9.7825746964643521455	35.7708506948
9.3601849615080455112	34.45450213036
8.956584443940551029	33.196067603665
8.5707854650864303114	31.9925286362
8.2018605286975799172	30.84105040735
7.8489382311336633225	29.73896896107
7.5112004408266877166	28.68377844846
7.187875504986271958	27.6731235383797
6.8782395029462604398	26.70478487643
6.5816098460495095734	25.776673197408
6.297343457429482524	24.886819778236
6.0248350855705873437	24.03336759961
5.7635134321211683449	23.21456546671
5.5128393459005499098	22.42876077738
5.2723041148327848907	21.6743928398
5.0414272868324670963	20.9499872713
4.8197550117358318774	20.25415042426
4.6068590921930894376	19.58556361519
4.4023318776672430708	18.942981982
4.2057903893440306388	18.325224542407
4.0168700586089341043	17.731175043073
3.8352290234332906315	17.1597726185
3.6605403722793674145	16.610014846292
3.4924947149385187132	16.080950790374
3.3307992888036978453	15.57167780469
3.1751764162159361384	15.08133925507
3.0253620411835766319	14.60912241441
2.8811058623673945945	14.154254993863
2.7421700413184416018	13.71600331746
2.6083285984404144432	13.293670006899
2.4793670118505525073	12.88659165233
2.3550809349478521902	12.49413753693
2.2352761365389975643	12.115707300333
2.1197676622124482018	11.75072953106
2.0083798337302941968	11.39865966004
1.9009450763949214775	11.05897915673
1.7973036716554126618	10.731193921206
1.6973036282369938787	10.4148326703
1.6007997968376556611	10.109446185488
1.5076540251446345211	9.814605619673
1.417734686335269997	9.529901521019
1.3309154419814746153	9.25494370904
1.2470762272651713949	8.989359008278
1.1661030589087226595	8.732790234075
1.0878858003917637425	8.484897291285
1.0123198388794188592	8.245354426568
0.93930507113166974841	8.0138502334804
0.86874583143105912849	7.790086773
0.8005505801693133316	7.573778986885
0.73463171448798048696	7.36465403986
0.67090555192964155318	7.162450536202
0.60929195712058258842	6.966918137454
0.54971399940927459813	6.777817191142
0.49209815076858253442	6.59491785828
0.43637393031091104773	6.417999831079
0.38247380940033976282	6.246851824673
0.33033295665043703211	6.0812712614815
0.27988927189733561959	5.92106369713
0.23108303042352892861	5.7660426648245
0.18385727496736456965	5.6160287989714
0.13815718767597761383	5.47085000491
0.09393009113240152768	5.3303410226924
0.051125280644136569204	5.194343182583
0.009694222611468250714	5.062703816327
-0.030409838515298242375	4.9352762789266
-0.069231700764827674583	4.81191941794
-0.10681460918948371678	4.692497643756
-0.14319991214991838857	4.576880269036
-0.17842764639634834722	4.464941792758
-0.21253595285684488396	4.356561030034
-0.24556202230381162084	4.251621786039
-0.27754124285972955328	4.15001174515
-0.30850784807117407557	4.05162287347
-0.33849495294769917143	3.9563512213147
-0.36753408905593515041	3.864096235998
-0.39565599154791877753	3.774761337597
-0.42289019627678529643	3.688253314698
-0.44926546096207209142	3.604482553977
-0.47480824379745977482	3.52336133632
-0.49954548862758846459	3.444806448319
-0.52350272104561264076	3.368737112513
-0.54670454705828988901	3.295075328429
-0.56917465901665086781	3.223745728085
-0.59093597711791662292	3.1546755737
-0.61201062354500761199	3.087794595421
-0.63242003273868162143	3.02303497077
-0.65218471159256948611	2.9603309604
-0.67132467824374581847	2.8996192279537
-0.68985927550624990234	2.8408385400296
-0.70780694493587763512	2.783929431844
-0.72518448743992783728	2.7288333644289
-0.74201204191377596651	2.675497604221
-0.7583048686696621668	2.623866912144
-0.77407952427998750597	2.57388962808
-0.78935300954787633537	2.52551673257
-0.80413617088823206741	2.47869516558
-0.81844828101512715083	2.4333823283104
-0.83230071370815817961	2.3895296823507
-0.84571012159396420551	2.347095855428
-0.85868854253489143172	2.30603667833
-0.87124888013225543489	2.266310599503
-0.88340366661837866997	2.227877384464
-0.89516510276670508957	2.1906980950045
-0.90654505221136032603	2.154735025506
-0.91755491672287030061	2.119951522383
-0.92820576309827302644	2.0863120578076
-0.93850835884681509724	2.05378221407373
-0.94847312653321473683	2.022328589133
-0.95811048230663804352	1.991919087982
-0.96742967763707910602	1.96252171943376
-0.97644049932656897646	1.9341062528505
-0.98515233166541654636	1.906643238871
-0.9935738113080150207	1.8801036244892
-1.0017137480230563238	1.8544596356453
-1.0095806801238580889	1.829684295975
-1.0171827099179640061	1.8057512270931
-1.0245279336848033122	1.7826350447617
-1.0316239152982246305	1.760310800077
-1.0384788281006423134	1.738755090141458
-1.0450988111837342585	1.71794338439666
-1.0514914679232166769	1.697853494367
-1.0576645951725880857	1.6784642751515
-1.0636231180714228423	1.659752533649
-1.0693744453908636149	1.6416983583077
-1.0749247800570559147	1.6242814050132
-1.0802803967141578751	1.607482150986
-1.085445180542695331	1.5912794108127
-1.0904288767470046616	1.5756585640047
-1.0952350916892543566	1.5605995350258
-1.0998694101248895177	1.5460848901761
-1.1043370437131716848	1.532097466566
-1.10864326282262511	1.51862078503752
-1.1127933507080542737	1.5056389861777
-1.1167916742935216668	1.4931358836008
-1.1206431586493449538	1.481096421559
-1.1243525129389365674	1.469505884594
-1.1279241686491588868	1.45834982009
-1.131362547068418452	1.4476142906311
-1.1346719175407737568	1.43728571764
-1.1378564174722239206	1.42735088730633
-1.140920006629689126	1.41779689125
-1.1438666625110252894	1.40861130880506
-1.146700201856427066	1.39978201583
-1.1494258786301020373	1.3912987704155
-1.152044013257725453	1.3831468303259
-1.1545598636355260098	1.3753168125252
-1.1569769830543016935	1.36779804006036
-1.1592982138823671285	1.36057952503628
-1.1615270612231090006	1.35365133191786
-1.1636663928244485818	1.347003267431
-1.1657195450102954647	1.3406259767885
-1.1676892607147564068	1.334509872338
-1.1695785793015454787	1.3286460142833
-1.1713901728323206964	1.323025438138582
-1.173126616955559984	1.317639417067
-1.1747907327040603228	1.31247979539962
-1.1763850902022648958	1.3075384842996
-1.1779126122728930481	1.30280805756598
-1.1793748428267821668	1.29828001245193
-1.1807743852663423709	1.29394720071
-1.1820970787306202249	1.28978599768922
-1.1833784755413175013	1.28582277282757
-1.1846039768655631663	1.28203401856
-1.18577601619437072	1.278413527220983
-1.1868957577689769164	1.27495408306286
-1.1879655868760432559	1.2716499463206
-1.1889873915498666417	1.26849512883606
-1.1899630431132286341	1.265483868675047
-1.190893761901515408	1.2626099900735
-1.1917813853673150754	1.259868165903026
-1.1926291678659620378	1.25725471194988
-1.1934377673451738762	1.254763568226
-1.1942084429655477697	1.25238949132955
-1.1949428342601387166	1.25012782846541
-1.1956424037046615957	1.2479739549793
-1.1963085923541407953	1.24592342507092
-1.1969427642669429187	1.243971911389984
-1.1975464377760831073	1.24211543157917
-1.1981206382046728222	1.24034969635
-1.1986666757738569444	1.238670882843549
-1.199185785856693119	1.23707527041267
-1.1996791197340083812	1.235559226996968
-1.2001479514451595363	1.2341194116609
-1.200593085751640952	1.232752178323051
-1.2010158110177603498	1.2314545244702918
-1.2014170094174274847	1.23022319726808
-1.2017976211888517989	1.22905515378247
-1.2021586404501139018	1.227947552825702
-1.2025008911524957063	1.22689752700155
-1.2028253982879894546	1.225902550061886
-1.2031329923512844253	1.224960037576167
-1.203424297766363316	1.22406733161946
-1.203700095332456984	1.2232220595351046
-1.2039612084439352498	1.222422016523537
-1.2042083283675002672	1.221664987339953
-1.2044422366648852275	1.2209489651892432
-1.2046635393016928985	1.220271882357005
-1.2048726849522036206	1.2196316250862
-1.2050703958780609518	1.21902646107786095
-1.2052573009484408436	1.218454669182456
-1.2054338063908551116	1.217914406871192
-1.2056005683523323826	1.2174041795673858
-1.2057580382179172992	1.21692238278507
-1.2059067072648703466	1.216467543653
-1.2060470522334965831	1.2160382634079463
-1.2061795288917740997	1.215633207928185
-1.2063045362283833954	1.2152510689536393
-1.2064224465852968453	1.2148905912934218
-1.2065336156227666441	1.214550579920969
-1.2066385445571588485	1.21423005939592379
-1.2067374485620836326	1.213927839504324
-1.2068367015226814508	1.2136489573077
-1.2069244657996597419	1.2133803042589207
-1.2070072608062735639	1.2131271921882117
-1.2070851734438568353	1.21288856120643642
-1.2071585900914544255	1.21266370922153
-1.2072278559996143548	1.2124519489190456
-1.2072931601331515538	1.2122524902524077
-1.2073545851626996162	1.2120644881431649
-1.2074124100108370996	1.2118873427976429
-1.2074670117679316908	1.21172059945557
-1.2075183558666614519	1.2115634364600765
-1.2075667072360297655	1.2114153743700346
-1.2076121991029587464	1.2112758427831091
-1.2076554709043632168	1.2111448163323746
-1.2076958509782130944	1.2110209955249594
-1.2077339088390323897	1.21090435722808322
-1.2077697349546474246	1.21079443271889
-1.2078036667279893381	1.21069103200150676
-1.2078354174025870654	1.2105933711094942
-1.2078654586672708795	1.2105014531685488
-1.2078938100401771199	1.210414856298735
-1.2079145180903147816	1.2103272114138255
-1.2079396720731148173	1.21025021649304086
-1.2079633794545539906	1.21017761079887
-1.2079859009793548802	1.2101093086953202
-1.2080070875931230288	1.2100448353752405
-1.2080270706530247257	1.20998401593001157
-1.2080458057046024859	1.20992651803792419
-1.2080634903291933083	1.20987226877430812
-1.2080801991186152318	1.2098210885985283
-1.2080959611775552396	1.2097727679169398
-1.2081108213906078277	1.20972712745706366
-1.2081248997899939031	1.20968407678759828
-1.2081381382765039895	1.209643360235185452
-1.2081506529615743014	1.20960490846422479
-1.2081624780711862755	1.20956858165887841
-1.2081736840548543646	1.20953428694895338
-1.2081842838393018325	1.20950188401762858
-1.2081942123323014299	1.20947116399502809
-1.2082035984230227736	1.20944212088232621
-1.2082099081193653835	1.20941209414545146
-1.2082184640738155439	1.209386287728325578
-1.2082264370864124745	1.20936176107286873
-1.208234228970286517	1.20933881152971403
-1.208241340145743769	1.2093168415242476
-1.2082481228465821538	1.20929611136034306
-1.208254514268776525	1.20927647199055207
-1.2082607912678466765	1.20925811935785491
-1.2082665285781247215	1.2092405522809359
-1.2082719921980255447	1.20922396552593726
-1.208277114302820077	1.209208224425034082
-1.2082819276538996754	1.20919329900974537
-1.2082864858852853356	1.2091791840387352
-1.2082908091042460549	1.20916584435590284
-1.2082949147980238058	1.2091532455699
-1.2082987685643645333	1.209141304572
-1.2083024342020920712	1.20913003942625436
-1.2083058525738184414	1.20911934804787439
-1.2083091089110834953	1.20910927533135172
-1.2083122118052514396	1.20909979197907326
-1.2083150827077935841	1.2090907838484036
-1.2083178040421975787	1.20908229992051622
-1.2083203640774792429	1.20907429704004373
-1.2083227002306399341	1.209066683092357687
-1.2083249613393502049	1.20905957915917528
-1.208327045364771072	1.209052857111910977
-1.2083289928280261031	1.20904653294576893
-1.2083307757767093457	1.20904055565055633
-1.2083325818868981712	1.20903509122318743
-1.2083342679381037519	1.20902997605897426
-1.2083357214008484371	1.20902507846097012
-1.2083371139192110451	1.2090205520493655
-1.208338347668745611	1.209016282051037117
-1.208339787500799329	1.209012617379895585
-1.2083409723691827499	1.20900908200378394
-1.2083420592068231981	1.20900581876519819
-1.2083430149033832883	1.20900278130662697
-1.2083438597194469982	1.208999977435828468
-1.2083445674145329515	1.208997369208099318
-1.2083451435751299472	1.208994951211521701
-1.2083458599908382505	1.208992984903078176
-1.2083463698361211054	1.2089911137529469
-1.2083467490165496836	1.20898940455571317
-1.2083470642946371432	1.20898791552341023
-1.2083473407486588855	1.20898666371364609
-1.2083474831000051844	1.20898554632823365
-1.2083476704024461264	1.208984735375575368
-1.2083476751573653075	1.208983996760717739
-1.208347720234402157	1.20898354718242643
-1.2083475772996744772	1.208983152539357826
-1.2083474542554058544	1.208983015348998618
-1.2083475094196679031	1.208983288908077692
-1.2083472245249827898	1.208983450273033335
-1.2083468870160275248	1.208983782540749315
-1.208346542018218784	1.208984326801229854
-1.2083460588594260735	1.208984948644423142
-1.2083455220735416877	1.208985729149843581
-1.2083449572496592202	1.20898669072266888
-1.2083443499312395142	1.20898781598067542
-1.2083439152645138889	1.20898931739116196
-1.2083431739995028513	1.208990713261231364
-1.2083424464177620278	1.2089923216554736
-1.2083416615069654859	1.208994069561128241
-1.2083408060295925782	1.20899594194793922
-1.2083399191068464945	1.20899797634382843
-1.2083389241249014613	1.20900009473339397
-1.2083379453737611231	1.209002420189539904
-1.2083369344494219041	1.209004903268869379
-1.2083358349813143538	1.20900748673279132
-1.2083347459209846854	1.20901026883028307
-1.2083334670179707417	1.20901304876823787
-1.2083323321652198819	1.20901616005170824
-1.2083311014327775936	1.2090193625127776
-1.2083297446157591741	1.20902262585403036
-1.2083282848349434487	1.20902597324495162
-1.2083268205194430756	1.20902950330068864
-1.2083252793051644168	1.2090331439768787
-1.2083237247955397285	1.20903695932700178
-1.2083221820146274566	1.20904097495234747
-1.2083204510991789325	1.20904499169116229
-1.2083187443900439333	1.20904922270737517
-1.2083169187243800745	1.20905352578031898
-1.2083150790239799556	1.20905800689075755
-1.2083133168831419112	1.20906275880664765
-1.2083113416091913813	1.20906749212173021
-1.2083093877423910659	1.20907244277365592
-1.2083073073106853678	1.20907746429713107
-1.2083051595954083857	1.209082617588
-1.2083031081099894846	1.2090880678813
-1.2083009797839341783	1.20909364393286227
-1.2082988639604591264	1.20909943701681649
-1.2082965648720114785	1.20910525339996031
-1.2082942015888183761	1.20911121428935017
-1.2082917469880758799	1.20911729480084999
-1.208289196159680716	1.2091234923642375
-1.2082865671067781324	1.20912982742324083
-1.2082839168163491729	1.20913635950570674
-1.2082812180604592063	1.20914306402453992
-1.2082784215860243468	1.2091498944672144
-1.2082755323613750204	1.20915685864219811
-1.2082725645666829896	1.20916397366930841
-1.2082696288460473716	1.20917135323179392
-1.2082665461088589271	1.20917882137778816
-1.2082636410017935178	1.20918670599245537
-1.2082604837284018834	1.20919458061779291
-1.2082572122999865814	1.2092025867038018
-1.2082538576528969478	1.20921075872613019
-1.2082505557008808423	1.20921923623883134
-1.2082472243453999425	1.20922794088515763
-1.2082436378931859096	1.20923665081563844
-1.208239998300710613	1.20924557193313664
-1.2082363968483893519	1.20925479956768573
-1.2082322916341413745	1.20926379597073627
-1.208216337160650506	1.20926121990316671
-1.2082126743025240284	1.20927121660321523
-1.2082087994582461732	1.20928128693927067
-1.2082048579948483865	1.20929158085543197
-1.2082008534730371697	1.20930210659754464
-1.2081968111201297329	1.20931289418712146
-1.2081925715303119229	1.20932378912259321
-1.2081883453764049423	1.20933500709213924
-1.2081839999552268606	1.20934642052014249
-1.2081794359012455553	1.20935793528195691
-1.2081748216492557207	1.2093697251677665
-1.2081702472129003534	1.2093818856623087
-1.208165582429815111	1.20939429219126177
-1.2081607260015975403	1.20940684916249239
-1.2081556875750506705	1.20941957204860135
-1.2081505681466965387	1.20943256779280561
-1.2081454428207632301	1.20944591756828976
-1.2081402029036048091	1.20945951887404287
-1.2081348339525941858	1.20947336358519465
-1.2081293554658568142	1.20948747764423796
-1.2081239303255976018	1.2095020305058548
-1.2081182361181713877	1.2095167064585209
-1.2081124354713112403	1.2095316749633193
-1.2081064695080083392	1.2095468841094038
-1.2081003598142602964	1.20956236258338093
-1.2080943365173317486	1.20957834774923678
-1.208087943808355204	1.20959439117260238
-1.2080813885376917822	1.20961070721784667
-1.2080747294226219207	1.20962736225750285
-1.2080679333755095152	1.20964433100217623
-1.2080612238730404025	1.20966184487162242
-1.2080542062298334194	1.209679517270138
-1.2080470450430460102	1.2096975210330197
-1.2080398416245094427	1.20971596586059728
-1.2080324531677554726	1.209734717487
-1.2080251757586831281	1.209754080693
-1.2080174513201536869	1.2097735062532156
-1.2080095907168693295	1.20979331404038954
-1.2080016182507366929	1.2098135375259496
-1.2079933815550387722	1.2098340336743928
-1.2079850280862316113	1.2098549594375258
-1.2079764361739794995	1.2098762028065514
-1.2079676707215889707	1.20989783851460864
-1.2079569485946283112	1.20991809342748103
-1.2079479503161866422	1.20994065824099218
-1.2079389087144642581	1.209963776130768
-1.2079295256423627	1.2099871594739855
-1.2079201000611202297	1.2100111179351977
-1.2079102775546153788	1.2100353079828964
-1.2079003790664599384	1.21006006162878526
-1.207887079082773298	1.21008206461287
-1.2078767495600416866	1.2101077003335581
-1.207866228243491501	1.21013381816836
-1.2078554930720496505	1.21016040788116
-1.2078445691647957442	1.21018750661099475
-1.2078333879998876652	1.2102150580533528
-1.2078242064875619902	1.21024533153557588
-1.2078104022054023159	1.2102717172544618
-1.2077986058021920033	1.2103008586826024
-1.2077865140188773515	1.2103304655917248
-1.2077741919167329421	1.2103606162833487
-1.2077642534349484449	1.2103939381488249
-1.2077514310503603056	1.2104251773315381
-1.2077383624278833302	1.2104569853798761
-1.2077250911265168583	1.2104894199557289
-1.2077115894614817114	1.2105224676991688
-1.2076977476067666151	1.21055603333355945
-1.2076835916879149877	1.2105901577608936
-1.2076692738461467402	1.2106250081285
-1.2076546043433196668	1.2106604099367
-1.2076397625846173279	1.2106965580638
-1.2076246131108510554	1.21073333276144137
-1.20760909798695764	1.2107706920455258
-1.2075932927120570437	1.2108087276088614
-1.2075771617041215108	1.2108474203086185
-1.2075607520311701622	1.210886833900172
-1.207544058501362551	1.21092698012985958
-1.207527059033199239	1.2109678541079431
-1.2075097773624971292	1.211009497018265
-1.2074922929079375211	1.2110520059865335
-1.2074742832407874237	1.2110950765527775
-1.2074559524279384747	1.21113893101715
-1.2074373499254989665	1.21118363733628
-1.2074184561056378361	1.2112291946529
-1.2073992500695296064	1.2112756011114504
-1.2073795371828502238	1.211322681396621
-1.207359434698196094	1.211370572358313
-1.2073390429763594976	1.2114193942358387
-1.2073181365068574663	1.2114689416812354
-1.207296908520465254	1.2115194283746588
-1.2072752222290754666	1.21157073826697
-1.2072531702236561675	1.211622984980637
-1.2072307281876054141	1.2116761655258622
-1.2072080781980562043	1.211730483605
-1.207184809095942952	1.211785549984
-1.2071611566771129993	1.211841622689695
-1.2071370408620361082	1.211898644178423
-1.2071124363581836178	1.211956612003837
-1.2070874725580405384	1.2120156787168897
-1.2070619799800888141	1.212075698309801
-1.2070361610355930532	1.2121368969856725
-1.2070097410202230471	1.2121990241530243
-1.2069829091995412452	1.2122622935140657
-1.2069555088887778591	1.212326573147394
-1.206927626886578247	1.212391974944543
-1.2068992173339665338	1.2124584784718151
-1.2068703688053694421	1.2125261980641849
-1.2068409830922623871	1.212595061611696
-1.2068111515248141662	1.212665186884058
-1.2067810114270165659	1.212736737988501
-1.2067499687091954803	1.2128091479652163
-1.206718358489976165	1.2128827794120146
-1.2066862103767106541	1.212957689767697
-1.2066534510197143893	1.213033833869
-1.2066201621001022312	1.21311132194
-1.2065863246464010805	1.213190163918
-1.2065518051897643983	1.21327025559757
-1.2065173598792082491	1.21335238276424
-1.206481918422925971	1.2134355051288859
-1.2064461121362776208	1.213520284381541
-1.206409177126036449	1.213605987377855
-1.2063716015427402049	1.2136931333942908
-1.206333394787191062	1.213781763337229
-1.2062945323451640438	1.2138718845803539
-1.2062477296928351329	1.213956244872804
-1.2062074515461933296	1.214049341591
-1.2061666423953887619	1.2141441522759234
-1.2061249207354434772	1.214240328866115
-1.2060824942398955803	1.214338112874055
-1.2060393664200920455	1.2144375420479
-1.2059955870397178389	1.214538700789
-1.2059509421901758423	1.214641410228
-1.2059056354745507843	1.214745909414677
-1.20585938311705584	1.214851950426178
-1.2058123705573873157	1.2149597549659012
-1.2057645633684964416	1.215069325283197
-1.2057159638771279071	1.215180700796017
-1.2056664693280478662	1.215293816257684
-1.2056161788903352321	1.215408808765435
-1.2055650922843660079	1.2155257163895898
-1.2055131150207970079	1.21564448341477
-1.2054602158553158821	1.215765117796925
-1.205406439430864208	1.215887703807562
-1.205351701460704967	1.216012197218932
-1.2052960895986773088	1.216138726176
-1.2052399164442793914	1.2162676442057
-1.2051822732935775539	1.2163980839655
-1.2051237621320525482	1.2165306892423203
-1.2050643052812369323	1.216665424599117
-1.2050037224189178754	1.2168021523974
-1.2049422290341213032	1.216941131253762
-1.2048796777878960557	1.217082257402746
-1.2048160228725198448	1.217225529057458
-1.2047515129822672904	1.21737123938206
-1.2046857783078259911	1.217519063487866
-1.204618956703881786	1.2176691846025203
-1.2045509844227038112	1.217821584804815
-1.2044819729152085727	1.21797642183
-1.2044117452439182911	1.218133565471
-1.2043403936188999912	1.218293155142271
-1.2042678567147315885	1.2184551771704504
-1.2041941467564528921	1.2186196918963
-1.2041193518189469887	1.21878683597156
-1.2040432244592299395	1.2189564109926041
-1.2039658303724961201	1.219128532157875
-1.2038874685874976926	1.219303548463008
-1.2038078513478129596	1.219481222584487
-1.2037267519817820507	1.21966137874887
-1.2036443472666513549	1.2198442450991
-1.2035605966090406811	1.2200298328749
-1.2034754829326885282	1.220218177301
-1.2033892229243231563	1.220409547832705
-1.203301349866358521	1.220603530991775
-1.2032121470404334808	1.220800463766715
-1.2031215597569853693	1.22100034564575
-1.20302941547147955	1.221203058731076
-1.2029359880269426054	1.221408931982421
-1.2028409273594694006	1.221617670922638
-1.2027444238802725795	1.2218295220189
-1.202646483795666114	1.222044548
-1.2025468897957265947	1.22226258856
-1.2024457930800251469	1.222483852360087
-1.2023398532539138018	1.22270505693384
-1.2022356499306214298	1.22293284029815
-1.2021242851215169485	1.223158363333428
-1.2020168558000651525	1.223392782347816
-1.201907893347424776	1.22363068852493
-1.2017971361287995226	1.22387188049543
-1.2016847851214867015	1.2241166199672
-1.2015707077714325421	1.22436483558
-1.2014548186968439216	1.224616503607249
-1.2013371438967781399	1.22487171216325
-1.201217651814547995	1.225130492266107
-1.201096335500846844	1.225392899998429
-1.2009732396041764519	1.225659043496984
-1.200848482769813202	1.22592910534954
-1.2007217049722997827	1.22620278992468
-1.2005929942508309803	1.226480250106
-1.2004623178401552185	1.22676151842
-1.2003296799430698145	1.227046664814
-1.2001950179838382931	1.22733569288946
-1.2000583663482067319	1.2276287036579
-1.1999196948506451247	1.227925733997197
-1.1997789239263847868	1.228226771840895
-1.1996361337737119942	1.22853196531998
-1.1994888802733920309	1.22883893867826
-1.1993420397389186475	1.229152637019
-1.199193223601728407	1.2294707409888
-1.1990418802947640104	1.22979276865601
-1.1988883602633816367	1.23011914051837
-1.1987327397754530878	1.23045000331132
-1.1985746910329909749	1.23078510011427
-1.1984144178921344484	1.231124706067971
-1.1982518129479807054	1.2314687854539
-1.1980871069929651338	1.23181764115
-1.1979197896708872642	1.2321708352799
-1.1977500723155335826	1.23252865204712
-1.197577942222629735	1.232891152003994
-1.1974034365999393694	1.23325844599493
-1.1972263290140047163	1.23363038159873
-1.1970467636178356273	1.23400717735346
-1.196864665460851861	1.23438883306
-1.1966800242049483627	1.23477541349
-1.1964927450683407714	1.23516689933902
-1.1963029670460723091	1.23556350541241
-1.196110429639702113	1.23596504737913
-1.1959158869097837016	1.23637235580366
-1.1957180111509911916	1.236784179818115
-1.1955175198016412792	1.23720131403
-1.1953140747023074446	1.2376234978
-1.1951078368396773579	1.2380509697902
-1.194898858985818459	1.23848386101776
-1.1946870893259153637	1.238922198034261
-1.194474750434332498	1.23936828212222
-1.1942570039490951485	1.2398173539167
-1.1940362712485038049	1.2402719140742
-1.1938103867426374315	1.240729876558
-1.1935838503494998397	1.241195821106146
-1.1933541708989158723	1.24166733662902
-1.1931213990640931689	1.24214455413196
-1.1928856781886629516	1.242627697535405
-1.1926468701019733242	1.24311670948
-1.1924027530643290287	1.24360944928
-1.1921573985231408063	1.24411006962468
-1.1919088820936479718	1.24461672762018
-1.1916571762132222442	1.245129477378
-1.1914020480264961812	1.24564816791665
-1.1911436027571715774	1.24617298652
-1.1908817675006069375	1.24670394252
-1.1906165974726704951	1.2472411735436
-1.1903479867779510021	1.247784656256
-1.1900757895637531561	1.2483343275222
-1.189800075795509384	1.2488903401642
-1.1895209682853029067	1.249452899981
-1.1892382024129448339	1.25002182546
-1.1889518072922229456	1.25059722894248
-1.1886620318515737619	1.2511794426707
-1.1883684311206635038	1.25176810509027
-1.188071100522972044	1.2523633951192
-1.1877631276684563962	1.252958483932
-1.1874583633218923561	1.25356730591984
-1.1871497404425714747	1.25418287771538
-1.186837434601924053	1.2548054586038
-1.1865210324263188496	1.2554347189527
-1.1862008641462066995	1.25607107275
-1.1858766486944714325	1.256714322693
-1.1855484424867764081	1.25736460895489
-1.1852162689927545195	1.2580220387449
-1.1848799190088814982	1.2586864865719
-1.1845396153026207559	1.25935825888
-1.1841951483031773643	1.2600372297
-1.1838466740623323258	1.2607236386618
-1.183493756635148541	1.26141713328733
-1.1831367407860243234	1.2621181417345
-1.1827753455187978397	1.2628264663
-1.1824096150563002843	1.2635422344
-1.1820395027419844186	1.26426548237514
-1.181665051197483316	1.26499633582232
-1.1812825707699766007	1.26573118783394
-1.1808994114828743698	1.26647747104
-1.1805115746408995645	1.2672312692
-1.1801193236412358331	1.26799292783928
-1.1797225737445899422	1.26876244437396
-1.1793210913407219724	1.26953966697
-1.1789150170097767841	1.27032481782
-1.1785041288883095211	1.27111775639
-1.1780886679070385198	1.271918804717
-1.1776683124022416769	1.27272772197
-1.1772432563303845083	1.273544782665
-1.1768133292375849138	1.27436989659
-1.1763786564183374015	1.27520326899298
-1.1759389321992588593	1.2760446738247
-1.1754945002000958124	1.2768945339953
-1.1750448535340198966	1.2777524215584
-1.1745903138772172275	1.278618736768
-1.1741306073173412232	1.27949328391482
-1.1736657526711288265	1.28037615962526
-1.1731957883884254159	1.28126747976
-1.1727206090191352438	1.282167215845
-1.1722403887114790217	1.2830756185965
-1.1717549311660447131	1.2839925678212
-1.1712640874131961488	1.284917990199
-1.1707679357955279962	1.285852039247
-1.1702664004421840529	1.28679471378423
-1.1697595154088857661	1.28774612204999
-1.1692471697934584577	1.2887062268122
-1.1687293520914558704	1.289675089706
-1.1682061357829760592	1.2906528568069
-1.1676773741724139345	1.2916394534567
-1.1671429778358616614	1.292634861697
-1.1666029487618358513	1.293639154396
-1.1660573852826503438	1.294652500166
-1.1655061391534553041	1.2956748204312
-1.1649490174718947316	1.296705991327
-1.1643863199268260819	1.2977463809404
-1.1638177913392046882	1.298795801834
-1.1632432820986568151	1.29985417147713
-1.1626629582891471012	1.300921722346
-1.1620767011877754797	1.30199840141
-1.1614845681977283485	1.3030843310695
-1.1608865073870367932	1.3041795236516
-1.160282579398807991	1.305284103335
-1.1596724558473504075	1.30639780451
-1.1590561572728900993	1.30752070974421
-1.1584337553542388814	1.3086529519549
-1.1578051817058436641	1.309794523215
-1.1571704502845197952	1.3109454971388
-1.1565294411617513652	1.3121058126355
-1.1558822137315893524	1.313275587118
-1.1552286894287027353	1.3144547992
-1.154568989428379734	1.3156436263798
-1.1539029024406204405	1.3168419128348
-1.1532305691145495894	1.3180498538
-1.1525516478901736959	1.3192671614171
-1.1518662764147068517	1.3204940261358
-1.1511742972974548025	1.321730342457
-1.1504758836762620913	1.32297633449
-1.1497707818440059461	1.3242317985619
-1.149059094186863104	1.3254968861516
-1.1483407926771248561	1.32677161737
-1.1476158707534481731	1.3280560328253
-1.1468842712057141303	1.3293501215032
-1.1461458894798543689	1.3306538240542
-1.1454009700648633989	1.33196742918
-1.1446493488570666225	1.3332908159827
-1.143890726950383477	1.334623727737
-1.1431252854954346916	1.335966386756
-1.1423530427635714254	1.3373188514357
-1.1415737366662036864	1.3386808987663
-1.1407874821768753464	1.3400526817449
-1.1399942034841952883	1.341434161525
-1.1391939420419015131	1.3428254154525
-1.13838043851476209	1.344220219007
-1.1375663013141342557	1.3456312143297
-1.136744995566753024	1.34705189917101
-1.1359165395807555478	1.348482323374
-1.1350810144801013395	1.3499225984812
-1.1342385372478306409	1.3513728707839
-1.1333777107712795424	1.352821771347
-1.132520820963828054	1.354291613148
-1.1316565310753349412	1.35577108534507
-1.1307849691883732418	1.357260340802
-1.1299061072960897312	1.35875937514
-1.1290199141467803705	1.3602681795968
-1.1281263889656563563	1.361786774714
-1.1272256541481006612	1.363315303053
-1.1263172297084421726	1.3648533036253
-1.1254014862782683102	1.366401164891
-1.1244783626205018987	1.367958842273
-1.1235476405626635303	1.3695261330708
-1.1226093235850911285	1.37110305507
-1.1216635074885565541	1.37268971718
-1.1207101414468209114	1.374286080524
-1.1197491298172202972	1.375892060199
-1.1187807629876173841	1.377507956146
-1.1178045094573014064	1.3791332452372
-1.116820852013242391	1.380768417436
-1.1158294371889789242	1.3824131252617
-1.1148305948668893766	1.384067703389
-1.1138236418305283792	1.385731472195
-1.112809148031629891	1.387405004055
-1.1117866984012634339	1.38908788511
-1.1107565969513995601	1.39078041939
-1.1097187550850152389	1.3924825171429
-1.1086729641174115222	1.39419396733
-1.1076193215517975478	1.39591486391
-1.1065578246795765772	1.397645199457
-1.1054884601631597676	1.399384954732
-1.1044111873077973664	1.4011340819555
-1.1033260463592934101	1.402892613112
-1.1022329295443597507	1.404660431
-1.1011318904864987307	1.4064375786582
-1.1000229272606029994	1.408224042389
-1.0989059456688314223	1.410019715081
-1.0977810570931124368	1.4118246940422
-1.0966482055703838333	1.413638908089
-1.0955073742779579489	1.415462324037
-1.0943583839541524123	1.417294745121
-1.0932013778481772139	1.41913629596
-1.0920363154031536656	1.420986916245
-1.0908632859203910612	1.4228466744051
-1.089682017076646042	1.424715276136
-1.0884926657932689541	1.4265928553
-1.0872954908424788714	1.42847964642
-1.0860900018983359197	1.4303751339933
-1.0848762773989147329	1.432279370079
-1.0836545559350433359	1.43419256587
-1.0824245588859912521	1.43611441428
-1.0811864628010607842	1.43804506234
-1.079938336869403136	1.4399825486996
-1.0786838901237201232	1.441930550799
-1.077421297756669047	1.443887211234
-1.0761504537608943777	1.445852390388
-1.0748713859920024812	1.44782608152
-1.0735842914612077822	1.449808446044
-1.0722889460004870558	1.4517992232325
-1.070985341624455485	1.4537983675744
-1.0696734747203710421	1.455805836998
-1.0683535169184599992	1.45782176371
-1.067025461872935228	1.459846101
-1.0656888951425277495	1.4618783933
-1.0643439804268714736	1.463918762014
-1.062990861964562026	1.465967308452
-1.0616294029940676384	1.46802385193
-1.0602597393547486362	1.470088483538
-1.0588817979924175683	1.472161084626
-1.0574955620697270142	1.47424159194
-1.056101067995310105	1.476329994648
-1.0546983831910819416	1.478426312138
-1.0532873306832499352	1.4805303186333
-1.0518680278258556093	1.4826420819011
-1.0504304738185563543	1.484751550801
-1.0489947295792678826	1.486878735192
-1.0475507550661521767	1.489013543238
-1.0460986214044490389	1.491155993571
-1.0446382453407440961	1.49330594976
-1.0431694222947846495	1.4954631534
-1.0416923295430325405	1.4976277271589
-1.0402068127640738543	1.49979946167
-1.0387131106805140685	1.501978539862
-1.0372196033432139942	1.504173285412
-1.0357090469576036828	1.5063663975694
-1.0341902844855915616	1.508566661776
-1.0326632787337643237	1.510773982743
-1.0311279711143957346	1.512988243272
-1.0295843162777408333	1.515209338873
-1.028032379586898545	1.517437275287
-1.0264724447971617516	1.519672276159
-1.0249040657511214071	1.521913835
-1.0233237881306526481	1.5241584357
-1.0217390172946737765	1.526413422902
-1.0201460926567689766	1.52867507394
-1.0185449382876078567	1.530943250609
-1.0169354368405555557	1.53321777293
-1.015317567255065571	1.535498556836
-1.0136915528805786475	1.53778576236
-1.012057334923710931	1.540079267056
-1.0104149426899145273	1.542379036263
-1.0087643878722940108	1.544685017439
-1.0071054806500382503	1.546996956259
-1.0054384231978994289	1.549314990123
-1.0037633462019057037	1.551639184747
-1.0020801034871967806	1.553969328743
-1.0003885564063893225	1.5563052180559
-0.9986887747535148436	1.5586468569193
-0.9969808570742431082	1.56099427813
-0.9952647342120230733	1.56334734665
-0.9935406114539558045	1.565706201766
-0.9918082492710790139	1.568070537819
-0.9900677853940423724	1.570440426336
-0.9883192027714812153	1.572815783985
-0.98656259714334663861	1.5751966401595
-0.98479792703286764379	1.5775828870035
-0.98302502788322574625	1.57997429355
-0.98124414421198285011	1.582371037917
-0.97945515837944897112	1.584772936047
-0.97765805187972554224	1.58717990306
-0.97585294304816380659	1.589591990957
-0.97403989953081746655	1.592009201082
-0.97221868667022806	1.5944312326
-0.97038947012811170776	1.59685818504
-0.96855241929526241129	1.599290161768
-0.96670722275891728197	1.601726785489
-0.96485413477235923776	1.604168244664
-0.96299296157288885518	1.60661427992
-0.96110983993796597862	1.6090509626
-0.95923320168094946595	1.611506659179
-0.95734859770274307142	1.61396685552
-0.95545594448249936157	1.616431403183
-0.95355553350556251438	1.618900528994
-0.95164709906822306578	1.621373902807
-0.94973079654662116845	1.623851615792
-0.9478067919119695417	1.626333769976
-0.94587481598695227895	1.628820032503
-0.94393519078626009473	1.631310661989
-0.94198761887968890328	1.63380529789
-0.9400320306055931837	1.6363038077
-0.93806866627580075093	1.638806369348
-0.93609751439959343278	1.64131290906
-0.93411867302796587738	1.643823463097
-0.93213181673805892624	1.646337644511
-0.93013725682524081417	1.64885570345
-0.92813494877693916696	1.65137753468
-0.92612483830502436661	1.65390302344
-0.92410727813731231064	1.656432462474
-0.92208174383070922986	1.658965267684
-0.92004863702398560241	1.661501781468
-0.91800782296764416854	1.66404181023
-0.91595924442526630411	1.666585238308
-0.91390319894276559312	1.669132305237
-0.91183939112894258519	1.671682658042
-0.90976784765230692522	1.674236266234
-0.90768875740695631136	1.6767932619875
-0.90559554300167113261	1.679347011636
-0.90350136430678242742	1.68191061921
-0.90139954935284825065	1.684477357364
-0.89929019900851853388	1.68704727203
-0.8971732946601671372	1.689620290136
-0.89504885507025202689	1.692196376426
-0.89291695883398978992	1.69477555596
-0.89077768997571898914	1.697357859684
-0.88863069156492687869	1.699942878064
-0.88647635471585508041	1.702530950078
-0.88431438622933090876	1.705121730863
-0.88214501420312187224	1.7077153973279
-0.87996820561216288836	1.71031186572463
-0.87778393922230644288	1.71291106458
-0.87559227455102375824	1.715513003649
-0.8733930772949160649	1.718117499327
-0.87118655928349437197	1.720724714613
-0.86897264606462502471	1.723334526707
-0.86675137245426896285	1.72594692253
-0.86452270575613185973	1.728561821953
-0.86228666005667874058	1.731179192146
-0.86004332299790272326	1.73379907419
-0.85779276796676947352	1.73642149547
-0.85553483363732282377	1.739046249046
-0.8532697500632233646	1.74167351981
-0.85099728740022559338	1.7443030333
-0.84871745813590168029	1.746934757555
-0.84643051110715206272	1.7495688977331
-0.84413632271247913882	1.75220528677
-0.84183331687862712683	1.754842305582
-0.83952477899308892007	1.757483196984
-0.83720891164050490353	1.76012612138
-0.83488582628082263257	1.762771148
-0.83255588311308826482	1.765418597
-0.8302187110993912442	1.76806805488
-0.82787429798609019824	1.77071946932
-0.82552276867905693209	1.773372924877
-0.82316415502516891185	1.77602841347
-0.82079961336603748431	1.7786870518
-0.81842666032615328657	1.78134631731
-0.81604520559786493092	1.78400608067
-0.81365832151003339391	1.7866693756
-0.81126407860946135254	1.789334234287
-0.808863082793452657	1.792001224567
-0.80645249791838165386	1.79466747251
-0.80403725601768337655	1.797337872637
-0.80161507790513241539	1.800010108424
-0.79918825072242341382	1.80268643003
-0.79675201137381673715	1.805362037434
-0.794308846625075713	1.80803938085
-0.79185866754746970577	1.810718334849
-0.7894017167083176361	1.81339910575
-0.78693461047486655446	1.816078273819
-0.78446382853855699658	1.81876228274
-0.78198599614312173805	1.82144772194
-0.77950149214429311032	1.8241349345
-0.77700993885264391595	1.826823507187
-0.77451183714034205152	1.8295139052
-0.77200650868039538294	1.832205414743
-0.76949436665714543001	1.83489841358
-0.7669779382968459433	1.83759539341
-0.76445218877314178787	1.84029128409
-0.76191960253749672093	1.84298853452
-0.75938014783395585533	1.84568707751
-0.75683423032120178805	1.8483872832
-0.75428146685589716584	1.85108873284
-0.75172178539111982275	1.85379131863
-0.74915537853380567245	1.856495197469
-0.74658244495089040581	1.859200532068
-0.74400261716047732083	1.861906918849
-0.74141625110079891006	1.864614677501
-0.73882313950759149873	1.867323564309
-0.7362233153178574301	1.8700335756
-0.73361684306619214507	1.872744739
-0.73100385617338863416	1.87545715064
-0.72838435036756745106	1.878170769026
-0.72575825004783642628	1.880885480752
-0.72312536749132541814	1.88360106005
-0.72048589596554947418	1.886317661787
-0.71783672718640744421	1.88903213892
-0.71518417239232748376	1.891750763561
-0.71252534931543262636	1.894470613848
-0.70986004474389965194	1.897191436578
-0.7071881920480060268	1.89991312466
-0.7045097121132553171	1.9026355581
-0.70182471491794960814	1.905358805292
-0.69913330531876228229	1.908082929224
-0.69643542854534860375	1.91080783254
-0.69373116594805044531	1.91353355351
-0.6910206512136148373	1.91626018206
-0.68830372964658568836	1.918987519202
-0.68558050168057709445	1.92171562033
-0.68285082845239517357	1.92444430094
-0.68011489511075915847	1.927173699788
-0.67737248587956261151	1.929903554027
-0.67462387126701318403	1.9326340863
-0.67186892171766357944	1.93536511843
-0.6691077083989696856	1.938096672151
-0.66634174813327715794	1.94083021405
-0.66356821395748919086	1.9435628661
-0.66078837049006942461	1.94629584087
-0.65800107129747052297	1.94902793914
-0.65520901375975631854	1.951761804439
-0.65241062776660573337	1.95449581193
-0.64960616901924822853	1.957230161592
-0.64679573488351828464	1.959964894074
-0.64397913000133624754	1.962699756296
-0.64114079262118708501	1.96541912765
-0.63831250789003482691	1.96815473344
-0.6354781961856683493	1.970890433098
-0.6326378525462826462	1.973626159551
-0.62979144197128213007	1.97636181454
-0.62696252543134313567	1.9791208946
-0.62408109303863731051	1.981833324256
-0.62121694955115308795	1.984568841398
-0.61834690855385659716	1.9873041915242
-0.61547096330810923526	1.99003929853
-0.61258940548335881918	1.992774383411
-0.60970203553397126942	1.995509174632
-0.60680873248069974417	1.998243477881
-0.60390961251928538695	2.0009773347
-0.60100474483779558627	2.003710738
-0.59809415814627115266	2.006443639186
-0.5951779522448429885	2.009176059005
-0.59225613931426964638	2.011907929219
-0.58932868400247449479	2.014639132539
-0.58639556439263230562	2.017369563643
-0.58345714138711903783	2.020099498469
-0.58051292942942352441	2.02282836495124
-0.57756346867577923886	2.0255566152
-0.57460724332071601008	2.02828264356
-0.57164705895963961415	2.0310091644368
-0.56868120318174122598	2.033734372431
-0.56570981270869126895	2.0364583096
-0.56273305636537119494	2.039181048441
-0.55975105386984164286	2.041902610646
-0.55676372796251334631	2.044622819191
-0.55377107233436555544	2.047341566261
-0.55077352210657092939	2.05005918369
-0.54777048423559901887	2.052774973348
-0.54476241992059821818	2.05548928952
-0.54174935221676429436	2.0582020465678
-0.53873109809193806458	2.06091295089
-0.53570159410096260841	2.06361582662
-0.5326734406568135621	2.06632315981
-0.52964033141424114688	2.069028527918
-0.52660223886112548157	2.0717317852763
-0.52355919594938660593	2.0744328447
-0.52051130736890452717	2.077131689
-0.5174586912886343519	2.079828312136
-0.51440143341940023254	2.082522673924
-0.51133930786610809969	2.0852144204243
-0.50827266824768467334	2.08790377528
-0.50520137715050328785	2.090590468971
-0.50212528076872191624	2.093274213613
-0.4990447986507724533	2.09595529258
-0.49595960704339931665	2.098633243864
-0.49287010353091825843	2.10130832476
-0.48977604916603222158	2.1039801538877
-0.48667760080687399094	2.106648743481
-0.48357501723236022958	2.109314205737
-0.48046796892254114085	2.11197606229
-0.47735675670521157529	2.114634463065
-0.47424134490096842984	2.1172892192385
-0.47112181839865662016	2.1199402604368
-0.46799814471818517333	2.122587396756
-0.46487056512214899767	2.12523070979
-0.4617389051884700385	2.12786986335
-0.45860340060547591218	2.1305049291
-0.45546425960844465529	2.133135949
-0.452321103240098418	2.1357623756585
-0.44917413022749999234	2.1383842372368
-0.44602356747578001934	2.1410015877
-0.44286918212912890522	2.143614019144
-0.4397114240705938918	2.146221804075
-0.43654989530530619008	2.148824364959
-0.43338289851368312754	2.151419822674
-0.43021441099804005338	2.1540119705
-0.42704256751740090716	2.1565987569
-0.42386742812977344112	2.1591800533811
-0.42068905364410695255	2.161755730028
-0.41750750554758556447	2.164325655344
-0.41432284605891701762	2.16688969631
-0.41113513812482876026	2.169447718358
-0.40794444539100008751	2.171999585465
-0.40475083224891487713	2.1745451600213
-0.40155436379538926154	2.17708430295675
-0.39835510581624210069	2.1796168738003
-0.39515312488975519773	2.18214273038
-0.3919484882753302144	2.184661729141
-0.38874126396184340667	2.187173725055
-0.3855315206432206931	2.189678571655
-0.38231932777780185493	2.192176120885
-0.3791047555075112839	2.1946662233
-0.37588787474033106281	2.197148728064
-0.37266875704035864938	2.1996234828084
-0.36944747475124329601	2.20209033374524
-0.36622410090076434941	2.2045491257248
-0.36299870926214238016	2.206999702104
-0.3597713742842174888	2.209441905
-0.35654217118393564994	2.211875574835
-0.35331117583854982638	2.214300551036
-0.35007846488417456228	2.216716671375
-0.34684411562317832882	2.21912377244
-0.34360820606704542301	2.22152168947
-0.3403708149798143263	2.2239102562518
-0.33713202173181071866	2.226289305526
-0.33389190650513100455	2.2286586684152
-0.33065055006449440306	2.2310181750974
-0.32740803395261071838	2.2333676542311
-0.32416444034729275327	2.2357069333892
-0.32091985209757362141	2.23803583896
-0.31767435276972969745	2.2403541959948
-0.31442802657729923013	2.2426618284642
-0.31118095840697768771	2.244958559145
-0.30793323380832233394	2.247244209675
-0.30468493898384585588	2.249518600589
-0.30143616079326197461	2.2517815513
-0.29818698673566471996	2.254032880181
-0.29493750496272554305	2.256272404493
-0.29168780425192448744	2.2584999405
-0.28843797400468987067	2.26071530348
-0.28518810425212960707	2.262918307695
-0.28193828563497033915	2.26510876645
-0.27868860940003032701	2.2672864921403
-0.27543916740309501662	2.2694512962146
-0.27219005209047639491	2.2716029892508
-0.26894135650395400319	2.27374138093918
-0.26569317421108862419	2.2758662802958
-0.26244559942125821041	2.27797749532
-0.25919872685765580341	2.2800748334
-0.25595265180799583627	2.282158101038
-0.2527074701283900151	2.284227104115
-0.24946327819807685555	2.2862816477449
-0.24622017286178163794	2.2883215365945
-0.24297825155884286306	2.2903465744694
-0.23973761221891278609	2.2923565646
-0.23649835326058668693	2.2943513097941
-0.23326057358720210997	2.296330612157
-0.23002437255269140329	2.29829427349
-0.22678985002305501843	2.30024209496
-0.22355710631559247872	2.302173877313
-0.22032624219695374164	2.304089420878
-0.21709735879241512384	2.3059885258
-0.21387055774279523117	2.307870991793
-0.21064594107737294141	2.309736618066
-0.20742361116968920902	2.311585203915
-0.20420367088868108885	2.313416548038
-0.20098622336845899385	2.315230449274
-0.19777137218693580932	2.317026706064
-0.19455922124774937972	2.31880511681
-0.19134987476952340602	2.320565479888
-0.18814343729278995994	2.322307593662
-0.18494001376627051716	2.324031256188
-0.18173970929376608468	2.32573626599
-0.17854262939874306701	2.32742242126
-0.17534887979543506442	2.3290895205
-0.17215856649941420672	2.3307373624
-0.16897179573074004292	2.332365745726
-0.165788673994722445	2.333974469435
-0.16260930797163237764	2.335563332862
-0.15943380456918977579	2.337132135568
-0.15626227090001637671	2.338680677405
-0.15309481421741061658	2.340208758713
-0.14993154197653994122	2.3417161801
-0.14677256171447210665	2.343202742937
-0.14361798114907900446	2.3446682487835
-0.14046790813006385267	2.3461124998039
-0.13732245055960400206	2.3475352988628
-0.13418171646317384181	2.3489364493366
-0.13104581393565757895	2.3503157552699
-0.12791485108456983753	2.35167302154
-0.12478893610672826028	2.3530080536
-0.12166817721151084339	2.3543206578123
-0.11855268260939208433	2.3556106412595
-0.11544256049132725148	2.3568778120175
-0.11233791905336543036	2.3581219789665
-0.10923886641208671748	2.35934295206
-0.10614551067588473779	2.36054054210388
-0.10305795986555397963	2.3617145609882
-0.09997632188173687407	2.3628648218
-0.09690070456126681006	2.363991138532
-0.09383121560890706838	2.3650933265097
-0.09076796260044222298	2.366171202144
-0.08771105293905683086	2.367224583171
-0.084660593858552166192	2.368253288605
-0.081616692409560054279	2.36925713878
-0.078579455468149512844	2.37023595531
-0.075548989660928960953	2.3711895613
-0.072525401371524300491	2.37211778132
-0.069508796755319008751	2.373020441371
-0.066499281714488038548	2.373897368917
-0.063496961807636813795	2.374748393168
-0.060501942333922859717	2.3755733448098
-0.057514328272378022376	2.3763720561797
-0.054534224261979231744	2.3771443613131
-0.051561734575236885062	2.377890096013
-0.048596963131247864706	2.378609098
-0.045640013474340260476	2.3793012059641
-0.04269098871679267907	2.37996626172817
-0.039749991584903214088	2.3806041080949
-0.036817124381456431146	2.3812145899499
-0.033892488873688375789	2.3817975543852
-0.030976186461441591444	2.382352850182
-0.028068318023262537347	2.382880328262
-0.025168983938341570152	2.38337984161
-0.022278284080541798636	2.3838512453
-0.019396317789281582117	2.3842943964361
-0.016523183869806594762	2.384709154426
-0.013658980526108201261	2.385095380873
-0.010803805400323330064	2.3854529395946
-0.007957755560460765781	2.3857816966153
-0.00512092745784201134	2.3860815202818
-0.002293416921695584621	2.3863522812647
0.000524680856069276292	2.3865938525906
0.003333271340475814256	2.38680610968657
0.006132260675268773753	2.3869889304
0.008921555679724172779	2.3871421951325
0.011701063868481930333	2.387265786569
0.014470693470018599804	2.387359590034
0.017230353435876355547	2.38742349335
0.019979953470917844279	2.387457386933
0.022719404031693857057	2.387461163794
0.025448616335184425379	2.387434719531
0.028167502393722449049	2.3873779524246
0.030875975003178044249	2.3872907633898
0.033573947779394113297	2.387173056
0.036261335136781586944	2.38702473674
0.038938052351121297247	2.38684571452623
0.041604015536092182701	2.386635901254
0.044259141677942431325	2.3863952115877
0.046903348626549296846	2.386123562966
0.049536555105064961787	2.38582087562
0.052158680752567865851	2.385487072683
0.05476964609246369917	2.38512208008
0.057369372605403785743	2.384725826733
0.059957782671772258758	2.3842982443663
0.062534799622977350735	2.3838392677
0.065100347742961098403	2.3833488341868
0.067654352278645622161	2.3828268845219
0.07019673945494659433	2.38227336217779
0.072727436469174353821	2.3816882136179
0.07524637152133278165	2.3810713883212
0.077753473811250025088	2.380422838757
0.080248673550934085805	2.379742520405
0.08273190197353183243	2.379030391767
0.085203091341239150435	2.378286414371
0.08766217495687747033	2.377510552793
0.0901090871674910601	2.376702775
0.09254376337512852544	2.375863051
0.09496614004905308751	2.3749913544041
0.09737615470622942269	2.3740876627997
0.09977374597308009769	2.37315195570224
0.10215885353743377828	2.3721842160334
0.10453141818621933242	2.3711844298187
0.1068913817790551017	2.370152586092
0.10923868732022115254	2.369088677094
0.11157327889185500395	2.367992698057
0.11389510169253279801	2.3668646472995
0.11620410205105361983	2.3657045262575
0.11850022741000849207	2.3645123394135
0.12078342634801687324	2.3632880943
0.12305364856259924824	2.3620318017
0.12531084489167869675	2.36074347508331
0.12755496732406774108	2.3594231313584
0.12978596898324284377	2.358070790314
0.13200380414903030166	2.356686474841
0.13420842825330850979	2.355270210881
0.13639979786252565168	2.353822027355
0.13857787070532017028	2.352341956229
0.14074260566925745348	2.3508300324946
0.14289396280864288887	2.3492862941705
0.14503190330151275764	2.3477107821605
0.14715638954758127392	2.34610354053152
0.1492673850638907563	2.3444646161845
0.15136485453802244992	2.342794059
0.15344876381695887004	2.3410919218
0.15551907993676320854	2.3393582604
0.15757577106317791546	2.33759313334
0.15961880652864794049	2.335796602264
0.16164815686068175266	2.3339687316378
0.16366379371630542376	2.3321095887363
0.1656656899018173296	2.3302192436448
0.16765381940773934217	2.3282977693498
0.16962815736204098152	2.32634524158467
0.17158868004036274947	2.324361738846
0.17353536491666979823	2.3223473425316
0.17546819056033167774	2.320302136618
0.17738713669342790816	2.318226207819
0.17929218420127170696	2.316119645603
0.1811833150936488835	2.3139825420653
0.18306051249224608144	2.311814992
0.18492376069826773582	2.3096170924652
0.18677304511642322689	2.3073889437946
0.18860835226718099305	2.3051306483686
0.19042966979851007844	2.3028423112634
0.19223698645650203525	2.3005240400256
0.1940302920894379301	2.2981759446724
0.19580957769782456635	2.295798137829
0.19757483532540407577	2.293390734392
0.19932605809679519949	2.290953851627
0.20106324026859334831	2.2884876093146
0.20278637716494124614	2.2859921295434
0.20449546514634621161	2.2834675366063
0.20619050165384010511	2.2809139571225
0.20787148523009610084	2.27833152008956
0.20953841541755565037	2.2757203565677
0.21119129280251408862	2.2730805998019
0.21283011900713754759	2.270412385188
0.21445489671666080803	2.2677158503
0.21606562963613647258	2.264991134977
0.21766232242984230157	2.2622383806742
0.21924498080265488962	2.2594577311603
0.22081361143531717748	2.2566493320804
0.22236822203499955604	2.253813331147
0.223908821251827494	2.2509498778803
0.22543541868537087727	2.24805912362017
0.22694802497528129831	2.2451412217893
0.22844665164215502266	2.2421963274076
0.22993131116235249516	2.23922459731
0.23140201693592295318	2.236226190042
0.23285878331152970088	2.233201265928
0.23430162552095556189	2.2301499868654
0.23573055973096908121	2.2270725164779
0.2371456029773601854	2.2239690199064
0.23854677319071621159	2.2208396638823
0.23993408917827631897	2.2176846166663
0.24130757056375897482	2.21450404786248
0.24266723788445551963	2.21129812870325
0.24401311247800255226	2.2080670317044
0.24534521654189170372	2.2048109308
0.24666357306725623079	2.20153000133
0.24796820586519059765	2.198224419731
0.24925913953681539896	2.1948943638274
0.25053639948142188175	2.1915400126552
0.25180001186143266034	2.1881615463949
0.25305000361442434332	2.1847591464021
0.25428640242493811885	2.181332995119
0.25550923672124355002	2.1778832760617
0.25671853566206840316	2.17441017377651
0.25791432912445501467	2.17091387380046
0.25909664769647841452	2.16739456263671
0.26026552266793575421	2.1638524277236
0.26142098597895272654	2.1602876572784
0.26256307029780240749	2.156700440528
0.26369180894167952796	2.153090967469
0.26480723581101061473	2.1494594286688
0.26590938553178755018	2.145806015692
0.26699829331371250546	2.1421309206717
0.26807399499415449398	2.1384343364408
0.26913652699738324657	2.1347164564085
0.27018592638550201467	2.13097747471247
0.27122223075482388921	2.12721758590644
0.27224547828556097487	2.12343698510964
0.27325570771500733893	2.11963586792555
0.27425295831576184605	2.1158144303767
0.27523726992305693888	2.1119728689862
0.27620868287564342045	2.1081113806
0.27716723803388033715	2.104230162447
0.27811297673570359311	2.1003294119966
0.27904594081573548865	2.0964093270267
0.27996617261206295267	2.0924701056415
0.28087371490673096674	2.0885119460937
0.28176861094015298263	2.0845350468294
0.28265090437492291588	2.080539606381
0.28352063934182517807	2.07652582350737
0.28437786037711075077	2.07249389700653
0.28522261242491164152	2.0684440257256
0.28605494082487817463	2.06437640852559
0.28687489130341786929	2.06029124425749
0.28768250997383948921	2.05618873176513
0.28847784330512696854	2.0520690697941
0.28926093812094913339	2.0479324569915
0.29003184160986581034	2.0437790919395
0.29079060126562991246	2.039609172979
0.29153726490666809092	2.0354228982733
0.2922718807097014112	2.0312204659079
0.29299449710101747042	2.0270020735723
0.29370516281758922937	2.0227679187447
0.29440392687771864065	2.0185181986083
0.2950908385595992328	2.01425310999093
0.29576594744162951357	2.00997284948972
0.29642930330153603825	2.00567761317285
0.29708095621414957703	2.0013675968771
0.29772095644323322723	1.99704299588764
0.29834935449276612298	1.99270400509665
0.29896620106838187716	1.98835081889216
0.29957154708787592095	1.9839836311944
0.30016544367474905855	1.9796026354412
0.30074794213516445555	1.97520802452375
0.30131909393390961341	1.9707999907197
0.30187895071371372733	1.9663787257566
0.30242756425186689437	1.9619444206865
0.30296498654111121911	1.957497266135
0.30349126965215069741	1.9530374518915
0.30400646581149027513	1.9485651671532
0.3045106273579777858	1.9440806003959
0.305003806756526249	1.9395839394232
0.30548605658865372985	1.93507537134308
0.30595742954246787077	1.9305550825
0.30641797833949692741	1.9260232585
0.30686775586477502933	1.92148008407769
0.30730681504630019871	1.9169257433566
0.30773520884251956931	1.91236041942357
0.30815299032526607952	1.90778429471478
0.30856021262537275064	1.90319755084132
0.30895692888407888461	1.89860036845004
0.30934319229597974038	1.89399292735909
0.30971905608258838772	1.88937540648511
0.3100845735205099527	1.884747983934317
0.3104397979062443812	1.88011083690341
0.31078478247600241584	1.87546414144622
0.3111195805754523423	1.8708080729896
0.31144424550025883998	1.86614280586157
0.31175883053367669245	1.86146851341135
0.31206338894737113931	1.85678536801883
0.31235797402056033104	1.8520935411588
0.31264263900706643112	1.84739320330907
0.31291743711599704235	1.84268452389964
0.31318242153960638434	1.83796767140338
0.31343764537853853392	1.83324281311914
0.31368316178054347989	1.82851011559482
0.31391902379430578465	1.82376974419577
0.31414528437720015137	1.8190218631359
0.31436199648087039743	1.8142666357413
0.31456921299500888999	1.8095042242889
0.31476698671648411151	1.804734789921
0.31495537035948483033	1.79995849268331
0.3151344166048857086	1.7951754916801
0.31530417800336393187	1.79038594479099
0.31546470705747945046	1.78559000892459
0.31561605613333210643	1.78078783976087
0.31575827757481207895	1.77597959210115
0.31589142359028950659	1.77116541953536
0.31601554624447002132	1.76634547442545
0.31613069757053310959	1.76151990824904
0.31623692945041698815	1.756688871247454
0.31633429369404742877	1.751852512670868
0.31642284193964697933	1.747010980486701
0.31650262575410462662	1.742164421688191
0.31657369658133591513	1.73731298214659
0.31663610571172617227	1.73245680652707
0.3166899043457905029	1.72759603848703
0.31673514353832110337	1.7227308205158
0.31677187420261792575	1.7178612939548
0.31680014714181220156	1.71298759909884
0.31682001303395775401	1.70810987515842
0.3168315223676593234	1.70322826007425
0.31683472553834605376	1.69834289081334
0.3168296728073281154	1.69345390325308
0.31681641423197429586	1.68856143197942
0.31679499978875114415	1.68366561066311
0.31676547929957746503	1.67876657184565
0.31672790238019581275	1.67386444679199
0.31668231857620862467	1.66895936590563
0.31662877721340526026	1.66405145828668
0.31656732751353728444	1.65914085208638
0.31649801853530442645	1.65422767433693
0.31642089915657367136	1.64931205090537
0.31633601812343605749	1.644394106647793
0.31624342401599248585	1.63947396531355
0.31614316526242784571	1.634551749594485
0.31603529012681440135	1.62962758109523
0.31591984670701667851	1.62470158033389
0.31579688296715291912	1.61977386684614
0.31566644669351760975	1.61484455905979
0.31552858547954843482	1.60991377425669
0.31538334684062769921	1.60498162892361
0.31523077802997251247	1.60004823820672
0.31507092621815362805	1.59511371645686
0.3149038383540838032	1.59017817681908
0.31472956128651152563	1.5852417316037
0.31454814165804557134	1.5803044919746
0.31435962594378492447	1.5753665680724
0.31416406047136660206	1.5704280690803
0.31396149143734784127	1.56548910328007
0.31375196479374485641	1.5605497777177
0.31353552642164772933	1.555610198731
0.31331222200306186279	1.55067047157092
0.31308209702009385516	1.54573070040576
0.31284519686175431714	1.54079098864763
0.31260156670449412329	1.53585143860012
0.31235125158903574296	1.53091215169506
0.31209429638886972088	1.52597322840397
0.31183074583237151712	1.52103476831038
0.31156064446244358703	1.51609686999481
0.31128403668238292592	1.51115963117834
0.31100096675034694375	1.50622314871169
0.31071147874046921129	1.50128751846453
0.31041561660029516053	1.49635283550352
0.31011342407972137004	1.49141919388491
0.30980494481132466288	1.48648668690131
0.30949022226552055438	1.48155540695257
0.3091692997716164747	1.47662544561462
0.30884222048504977696	1.47169689354669
0.3085090274101352861	1.46676984056522
0.30816976344026236096	1.46184437576968
0.30782447127508692712	1.456920587
0.30747319349327137615	1.45199856255818
0.30711597250657570341	1.44707838807993
0.30675285062070535561	1.44216014971826
0.30638386995620838389	1.43724393241346
0.3060090724953209849	1.4323298203386
0.30562850011330286675	1.4274178969983
0.30524219450279924281	1.422508245007
0.30485019725630230063	1.4176009463416
0.30445254978297465028	1.4126960820965
0.30404929340469649227	1.4077937327769
0.30364046925485655546	1.4028939779999
0.30322611838727171115	1.3979968968264
0.30280628168707949169	1.39310256749784
0.30238099991430552955	1.38821106757254
0.30195031371137214937	1.38332247395221
0.3015142635595390752	1.37843686275623
0.30107288984988637337	1.37355430953913
0.30062623283228845016	1.36867488914193
0.30017433262095192639	1.36379867571338
0.29971722921427123543	1.35892574277396
0.29925496248880734531	1.35405616320218
0.29878757220935740106	1.34919000926913
0.29831509798317169978	1.3443273525055
0.29783757933961268508	1.33946826394487
0.29735505567896465593	1.3346128139742
0.29686756626562460583	1.3297610723177
0.29637515028381245336	1.324913108208
0.29587784677065655685	1.32006899019
0.2953756946617618871	1.3152287862605
0.29486873279546202715	1.3103925638861
0.29435699987138793241	1.3055603898823
0.29384053450970102855	1.3007323305955
0.2933193752000092321	1.2959084517531
0.29279356032466662049	1.2910888185377
0.29226312819426934666	1.28627349569732
0.29172811698163142406	1.28146254735065
0.29118856474330444567	1.27665603705605
0.29064450949266430876	1.27185402803395
0.29009598907320901513	1.2670565827906
0.28954304129061072016	1.26226376351776
0.28898570378961255482	1.25747563172704
0.28842401416836952883	1.2526922485965
0.28785800992074990329	1.247913674801
0.28728772840495328791	1.24313997042
0.28671320695309899146	1.2383711953
0.28613448272995421422	1.2336074085
0.2855515928563402303	1.2288486689263
0.28496457435992011802	1.2240950349269
0.28437346413479167198	1.2193465643069
0.28377829905950401278	1.2146033146572
0.28317911585284509775	1.2098653429256
0.28257595117805714642	1.20513270573279
0.28196884161605561298	1.20040545929502
0.28135782364373560838	1.19568365936224
0.28074293367913946972	1.1909673613566
0.28012420803389113383	1.1862566202328
0.27950168292531014525	1.1815514905175
0.27887539452823445339	1.176852026468
0.27824537890054661693	1.172158281851
0.27761167202396147424	1.1674703100687
0.27697430981677004346	1.1627881642001
0.27633332810434757527	1.1581118969143
0.27568876262608909834	1.1534415604953
0.27504064906346713305	1.1487772069279
0.27438902300105399641	1.1441188877848
0.27373391994799599442	1.1394666542926
0.27307537534988730234	1.13482055737087
0.27241342456533897863	1.13018064756442
0.27174810287255840379	1.12554697506554
0.27107944548057062491	1.1209195897505
0.27040748752078408136	1.1162985411569
0.26973226407041690076	1.111683878556
0.26905381009293095763	1.107075650778
0.26837216050031919566	1.1024739064
0.26768735013512502881	1.09787869369
0.26699941377187408121	1.0932900606371
0.26630838607780726429	1.088708054792
0.26561430169044121723	1.084132723545
0.26491719515274391182	1.0795641139127
0.26421710093564588959	1.07500227261229
0.26351405343901118476	1.07044724606684
0.2628080869938186483	1.0658990804143
0.26209923585904563683	1.0613578215004
0.26138753422073441278	1.056823514878
0.26067301619458115372	1.052296205818
0.25995571582532492369	1.047775939309
0.25923566708828548812	1.0432627600635
0.25851290388231403266	1.0387567125011
0.25778746003858009336	1.0342578407753
0.25705936931941253125	1.029766188773
0.25632866541134502935	1.0252818000956
0.25559538193284621449	1.0208047180848
0.25485955242118411106	1.01633498578467
0.25412121035647403501	1.01187264601657
0.25338038914165608962	1.0074177413209
0.25263712210748259895	1.00297031397
0.25189144251868481543	0.998530406
0.25114338354275812779	0.99409805913
0.25039297831689269202	0.989673314892
0.24964025987048008667	0.9852562145094
0.24888526117720731205	0.98084679898
0.2481280151276658384	0.9764451090201
0.24736855455872743135	0.9720511851523
0.24660691220682933809	0.967665067567
0.24584312074410366027	0.96328679623288
0.24507721279103690768	0.95891641093698
0.24430922085789115238	0.9545539511107
0.24353917740861522254	0.950199456023
0.24276711481194528206	0.945852964638
0.24199306538087263953	0.941514515732
0.24121706132538880094	0.9371841477549
0.24043913480015021369	0.9328618989764
0.23965931787615920602	0.9285478074014
0.23887764255574807332	0.9242419108174
0.23809414075018876918	0.9199442467293
0.23730884430366532803	0.915654852
0.23652178496393363399	0.9113737649
0.23573299441625493734	0.9071010210235
0.23494250426326028859	0.9028366572792
0.23415034602393489826	0.898580710002
0.23335655114437311242	0.894333215281
0.2325611509714399754	0.890094208914
0.23176417678214524589	0.8858637264894
0.23096565977630548369	0.8816418033745
0.23016563106024436441	0.8774284746629
0.22936412166010810269	0.8732237752182
0.22856116251768590986	0.8690277396627
0.2277567844894659327	0.86484040237678
0.22695101834569006285	0.8606617974971
0.22614389476773255804	0.856491958911
0.22533544436261759526	0.8523309203
0.2245256976295263193	0.848178715
0.22371468499943659245	0.8440353763
0.22290243680380494872	0.8399009371
0.22208898328692231486	0.8357754300692
0.22127435459301040198	0.831658887588
0.22045858079827773438	0.8275513419226
0.21964169186780190149	0.8234528250084
0.21882371767928056235	0.8193633685508
0.21800468801914085178	0.81528300401517
0.21718463258125277793	0.8112117626243
0.21636358096457405986	0.8071496753534
0.21554156267218037222	0.803096772928
0.21471860711108232661	0.799053085826
0.21389474359207966604	0.795018644279
0.21307000132924672023	0.7909934782698
0.21224440944793939195	0.7869776175611
0.21141799695897619023	0.7829710916182
0.21059079277492242373	0.7789739297
0.20976282573171228183	0.7749861607225
0.20893412453803934284	0.7710078135146
0.20810471781138478506	0.76703891652157
0.20727463407070300183	0.7630794979877
0.20644390173086334122	0.7591295859005
0.20561254910332877038	0.755189207994
0.20478060438953015707	0.751258391732
0.20394809569142374302	0.747337164337
0.20311505100788246422	0.743425552786
0.20228149823162278544	0.7395235838003
0.20144746514298053971	0.7356312838275
0.20061297942501850116	0.7317486790895
0.19977806863908797562	0.727875796
0.19894276024600907744	0.724012659
0.1981070815994735443	0.72015929434259
0.19727105993944828022	0.7163157273637
0.19643472239647247671	0.7124819827596
0.19559809599037524758	0.708658085187
0.19476120762680827952	0.704844059037
0.19392408410502528131	0.701039928457
0.19308675210493473262	0.697245717316
0.19224923819488355115	0.6934614492269
0.19141156882987895182	0.6896871475449
0.19057377034712328212	0.6859228353539
0.18973586897323179083	0.6821685354899
0.18889789081468477269	0.678424271
0.18805986185773518007	0.6746900627
0.18722180798430300943	0.6709659341481
0.186383754950624818	0.6672519065936
0.18554572839289166904	0.6635480015533
0.18470775382634673714	0.65985424026
0.18386985665499647364	0.656170643707
0.18303206216004393537	0.652497232612
0.1821943954959959038	0.648834027409
0.18135688171198443668	0.6451810483115
0.18051954571541044535	0.6415383152084
0.1796824123049097544	0.6379058477597
0.17884550616319096167	0.63428367
0.1780088518249495947	0.6306717871365
0.17717247373161813957	0.6270702319274
0.17633639618266026341	0.62347901832419
0.17550064336263613421	0.6198981646601
0.17466523931399374826	0.6163276889489
0.17383020798246339462	0.6127676090218
0.17299557316070870207	0.60921794236
0.17216135854260686886	0.605678706258
0.17132758766607585962	0.602149917655
0.17049428397278760254	0.598631593311
0.16966147075366223084	0.5951237497
0.16882917118629242467	0.59162640287
0.16799740831736622833	0.5881395688978
0.16716620506033742155	0.5846632633628
0.16633558420884155214	0.5811975016655
0.16550556842986095154	0.5777422989418
0.16467618024469815348	0.5742976700107
0.16384744207055153919	0.57086362950032
0.16301937617102491172	0.5674401917003
0.16219200470379278415	0.5640273707057
0.16136534967425260433	0.56062518028
0.16053943297150205518	0.55723363396
0.15971427635793466942	0.55385274503
0.15888990145195022323	0.550482526483
0.15806632975251558181	0.547122991057
0.15724358261936552556	0.543774151219
0.15642168129391335171	0.540436019209
0.15560064687869964287	0.537108606979
0.15478050033547207055	0.5337919261927
0.15396126251323371103	0.5304859883093
0.15314295412236575212	0.527190805
0.15232559573327519947	0.52390638567
0.15150920779762086291	0.5206327424845
0.15069381062527936149	0.517369885324
0.14987942440216895845	0.51411782434147
0.14906606917629478316	0.51087656941205
0.14825376486477740287	0.5076461301581
0.14744253126149363774	0.5044265159728
0.14663238801036872162	0.501217735941
0.145823354645710168	0.49801979896
0.14501545054868634772	0.494832713616
0.1442086949804487351	0.49165648827
0.14340310707265150436	0.48849113105
0.14259870581258580485	0.485336649786
0.14179551006635033734	0.482193052099
0.14099353856661908907	0.479060345354
0.14019280990969775709	0.475938536654
0.13939334256016720439	0.472827632859
0.13859515485813104869	0.4697276406
0.13779826500381947961	0.46663856625
0.13700269107113146223	0.463560415932
0.13620845099769614957	0.4604931955379
0.13541556259675126103	0.4574369107229
0.1346240435440163747	0.4543915668879
0.13383391138932667825	0.4513571692095
0.13304518354290958698	0.4483337226005
0.13225787729355261291	0.4453212318
0.13147200979610040145	0.44231970116
0.13068759807501620529	0.4393291350093
0.12990465902064749066	0.4363495372925
0.12912320939763669597	0.4333809117688
0.12834326584282665486	0.4304232619731
0.12756484485571205607	0.4274765911877
0.126787962811140274	0.42454090248099
0.12601263595656917461	0.4216161987
0.12523888040672033455	0.41870248245307
0.12446671214713991046	0.4157997561254
0.12369614703908248472	0.4129080218898
0.12292720080959584377	0.4100272816799
0.12215988906342077474	0.4071575372259
0.12139422727144537226	0.4042987900202
0.12063023078485944943	0.401451041361
0.11986791481971710767	0.3986142923
0.11910729446588360739	0.3957885436994
0.11834838469446455785	0.3929737961963
0.11759120033960841504	0.3901700502068
0.1168357561152945654	0.3873773059476
0.11608206661092528132	0.3845955634296
0.11533014628950516958	0.3818248224522
0.1145800094818662058	0.37906508259
0.1138316704022919123	0.3763163432244
0.11308514314011841943	0.3735786035504
0.11234044165626407251	0.3708518625346
0.1115975797893096519	0.3681361189503
0.11085657125657926446	0.3654313713776
0.11011742965128720227	0.3627376181953
0.10938016844346596838	0.3600548576
0.10864480097484030881	0.3573830875122
0.10791134048007614872	0.3547223057978
0.10717980005521257048	0.35207251001652
0.10645019268960554394	0.34943369759686
0.1057225312394976777	0.3468058657411
0.10499682844745037645	0.34418901148
0.10427309693566480342	0.3415831317
0.10355134920800129843	0.3389882229784
0.1028315976425925019	0.336404281861
0.10211385450687446882	0.3338313046296
0.10139813194315751433	0.3312692873914
0.10068444197751071669	0.3287182260806
0.09997279652126663903	0.3261781165
0.09926320736638476085	0.323648954121
0.09855568618592616435	0.32113073446
0.09785024454112267048	0.318623452722
0.09714689387534977437	0.316127103976
0.09644564551315191843	0.31364168311
0.09574651066984774725	0.31116718486
0.09504950044293736751	0.30870360379
0.09435462581246995267	0.30625093429
0.09366189765306940034	0.3038091706
0.09297132671696351979	0.301378306781
0.0922829236498020818	0.298958336758
0.09159669898238304534	0.29654925428
0.09091266313160027652	0.2941510529342
0.09023082640804268191	0.2917637261712
0.08955119900650380197	0.28938726727078
0.08887379101510321401	0.2870216693724
0.08819861240459901757	0.284666925443
0.08752567304253242925	0.2823230283
0.086854982686918193031	0.279989970685
0.086186550983053251001	0.277667745074
0.085520387472442135484	0.27535634388
0.084856501586137375175	0.273055759349
0.084194902645803375473	0.27076598358
0.083535599869696463118	0.26848700853
0.082878602366551635946	0.266218826037
0.082223919141497555693	0.263961427772
0.081571559092768470894	0.2617148052875
0.080921531014154447498	0.25947895
0.080273843593353436717	0.25725385318
0.079628505412363451121	0.2550395059675
0.078985524953683507949	0.252835899388
0.078344910595658939419	0.250643024329
0.077706670608412054988	0.248460871534
0.077070813163362408189	0.2462894316
0.076437346334033902531	0.244128695141
0.075806278084310567006	0.241978652426
0.075177616282427404603	0.2398392937493
0.074551368694434659636	0.237710609244
0.073927542986270285448	0.23559258893
0.073306146723516345601	0.233485222689
0.072687187371313142648	0.231388500305
0.072070672298443487442	0.229302411439
0.071456608775138356395	0.22722694564
0.070845003970328971927	0.225162092331
0.070235864960871328927	0.2231078408426
0.069629198721616276555	0.2210641803774
0.069025012131562188683	0.21903110003
0.068423311973373458138	0.21700858879
0.067824104939547397284	0.21499663554
0.067227397616855979478	0.212995229059
0.066633196507375886137	0.211004358015
0.066041508010884110842	0.209024010969
0.065452338435514041972	0.20705417638
0.064865693999519866684	0.20509484262
0.064281580824496529847	0.203145997947
0.063700004936484480932	0.20120763051
0.063120972273572886091	0.19927972839
0.062544488680830460411	0.1973622795338
0.061970559909915610767	0.1954552718184
0.061399191623078623007	0.193558693017
0.060830389391217241535	0.191672530808
0.060264158695831261541	0.189796772782
0.059700504926730210051	0.1879314064309
0.059139433384812911097	0.186076419159
0.058580949282292019662	0.184231798281
0.058025057741262715404	0.18239753102
0.057471763797754775633	0.18057360452
0.056921072395937486772	0.178760005816
0.056372988397022016632	0.17695672189
0.055827516571581591102	0.17516373961
0.055284661605453487995	0.173381045772
0.054744428095756622936	0.171608627094
0.054206820554925344512	0.1698464702
0.05367184340831750722	0.1680945616
0.053139500998594603117	0.166352887881
0.052609797582075679208	0.16462143532
0.052082737327966221969	0.16290019025
0.051558324323414975684	0.1611891389054
0.051036562572528311013	0.15948826745
0.050517455995099138496	0.157797561958
0.050001008425946722081	0.15611700843
0.049487223617959504598	0.1544465927895
0.048976105241843749616	0.152786300893
0.048467656885239835525	0.151136118517
0.047961882056579992687	0.14949603138
0.047458784178540767585	0.1478660250977
0.046958366594179386392	0.146246085246
0.046460632567885792501	0.1446361973
0.045965585278436776468	0.1430363467362
0.045473227828871772206	0.1414465188511
0.044983563241198676746	0.139866698953
0.044496594454354789089	0.13829687225
0.044012324333227570087	0.136737023906
0.043530755657906932048	0.13518713899
0.043051891134845608315	0.1336472025
0.042575733388799300437	0.132117199467
0.042102284965959026372	0.130597114692
0.041631548335736665697	0.12908693302
0.041163525889977846383	0.127586639222
0.040698219942029103881	0.1260962179756
0.040235632729604729493	0.124615653919
0.039775766410648967743	0.123144931613
0.039318623070505557519	0.1216840355702
0.038864204713561701664	0.120232950225
0.038412513269949424062	0.11879165996
0.037963550596389812799	0.1173601490985
0.037517318470167026835	0.115938401898
0.037073818593408261221	0.11452640255
0.03663305259567941604	0.113124135204
0.036195022029839751912	0.11173158393
0.035759728372119059614	0.1103487328
0.035327173027955639335	0.108975565624
0.034897357326390502015	0.10761206645
0.034470282520894363286	0.1062582191
0.034045949792949391049	0.104914007271
0.033624360249405371634	0.10357941477
0.033205514924638215748	0.10225442524
0.032789414778004323225	0.10093902229
0.032376060696320821114	0.09963318946
0.031965453493603879029	0.0983369102542
0.03155759391135596877	0.097050168106
0.031152482616226058526	0.0957729464
0.030750120204872530955	0.094505228426
0.030350507199857791578	0.093246997478
0.029953644051917436582	0.09199823675
0.029559531141044408604	0.09075892939546
0.029168168772743534357	0.089529058499
0.028779557182953256875	0.088308607099
0.02839369653353205126	0.087097558166
0.028010586916717109712	0.0858958946
0.027630228352317065954	0.084703599324
0.02725262078956023399	0.083520655081
0.026877764105572464547	0.082347044634
0.026505658106003773434	0.081182750672
0.026136302525814630216	0.08002775582
0.025769697030305188341	0.07888204266
0.025405841210854298962	0.07774559369
0.025044734591182819472	0.07661839137
0.024686376621294876215	0.075500418102
0.024330766682898962903	0.07439165621
0.023977904085270639873	0.073292087976
0.023627788067787868581	0.07220169561
0.023280417799176432588	0.071120461275
0.022935792377601514035	0.070048367061
0.022593910829953201802	0.068985395001
0.022254772114272962317	0.067931527072
0.021918375115820617011	0.066886745179
0.021584718651071475181	0.065851031174
0.021253801464816914469	0.06482436684
0.020925622232028496893	0.0638067338996
0.020600179556766463395	0.06279811401
0.020277471972587805728	0.061798488765
0.019957497941814237984	0.06080783969
0.019640255857680066742	0.059826148253
0.019325744040539182429	0.05885339585
0.019013960741082384519	0.057889564
0.018704904138966868009	0.05693463337
0.018398572343342949201	0.055988585751
0.018094963391135627917	0.05505140207
0.017794075249537105707	0.0541230633799
0.017495905812647142363	0.05320355066
0.017200452904749998974	0.052292844817
0.016907714277518145159	0.05139092669
0.016617687612278195416	0.050497777048
0.016330370517003130913	0.049613376574
0.016045760528879576797	0.048737705883
0.015763855111722611057	0.047870745509
0.015484651658715657388	0.047012475915
0.015208147488237412438	0.0461628774749
0.014934339848167905827	0.045321930493
0.014663225911835742822	0.044489615184
0.014394802780123671282	0.04366591169
0.014129067480514552936	0.0428508000486
0.013866016965923183272	0.042044260239
0.013605648116432191088	0.041246272138
0.01334795773724144602	0.040456815538
0.013092942558961414999	0.039675870141
0.012840599237580074164	0.038903415559
0.012590924353741333148	0.038139431313
0.012343914412474830878	0.037383896827
0.012099565842928100042	0.0366367914318
0.011857874998125385871	0.03589809436
0.011618838154193907375	0.035167784745
0.011382451510247209231	0.034445841619
0.01114871118788275187	0.03373224391
0.010917613230602493625	0.033026970449
0.010689153604021905477	0.03232999995
0.010463328193985387311	0.031641311024
0.010240132807653760171	0.03096088217
0.010019563171539127499	0.03028869177
0.00980161493204155525	0.0296247181
0.009586283654720667033	0.028968939317
0.009373564823088752713	0.0283213334451
0.009163453838286761378	0.027681878398
0.00895594601866298507	0.027050551963
0.008751036599300412551	0.0264273317972
0.008548720730120735102	0.025812195428
0.008348993476937097535	0.025205120252
0.008151849819330781472	0.024606083527
0.007957284649997518876	0.0240150623724
0.007765292775048975996	0.02343203377
0.007575868911491361284	0.0228569745431
0.007389007688036594024	0.022289861385
0.007204703642368382539	0.0217306708245
0.007022951222327042886	0.021179379239
0.006843744782967535268	0.0206359628467
0.006667078586529474012	0.0201003977
0.006492946801353849832	0.019572659694
0.006321343500340295868	0.019052725
0.006152262660271021625	0.018540567785
0.005985698160294575077	0.018036164791
0.005821643780536658118	0.01753949073997
0.005660093201380091401	0.0170505206243
0.005501040001554902143	0.016569229244
0.005344477656682391789	0.0160955912
0.005190399538471924335	0.0156295808938
0.005038798912381336486	0.0151711725146
0.004889668936500388221	0.01472034004
0.004743002659845788982	0.01427705723
0.004598793020155836698	0.013841297613
0.004457032842949498861	0.013413034494
0.004317714838932918516	0.0129922409
0.004180831601994258615	0.012578889756
0.00404637560775175661	0.012172953523
0.003914339210814313861	0.011774404546
0.003784714642705002273	0.01138321486649
0.003657494009728224597	0.01099935625
0.003532669290127005963	0.010622800196
0.003410232331839849297	0.0102535179
0.003290174849637555103	0.0098914802281
0.003172488422257377901	0.009536657803
0.003057164489585313296	0.009189020883
0.002944194349459680556	0.0088485394099
0.002833569154398708534	0.008515182986
0.002725279908261148402	0.0081889208648
0.002619317462533423736	0.00786972194
0.002515672512636762179	0.00755755472
0.002414335593905756579	0.0072523873399
0.002315297077378655252	0.006954187533
0.00221854716546163801	0.006662922614
0.002124075887194323232	0.00637855947
0.002031873093246591276	0.006101064545
0.00194192845090959798	0.00583040382
0.001854231438412786458	0.005566542799
0.001768771339249982132	0.00530944649
0.001685537235854376612	0.0050590793821
0.001604518003075787862	0.0048154054304
0.001525702301370628596	0.0045783880304
0.001449078569133715975	0.004347989996
0.001374635015002550527	0.004124173534
0.001302359609380938022	0.0039069002199
0.00123224007544475883	0.003696130969
0.001164263879528992433	0.0034918260042
0.001098418220834666127	0.00329394483
0.001034690020408420243	0.0031024461893
0.000973065909218152778	0.002917288038
0.000913532215421433626	0.002738427496
0.000856074950562479252	0.0025658208103
0.00080067979465959158	0.002399423306
0.000747332080090030225	0.002239189339
0.000696016774046031499	0.002085072241
0.000646718459469758632	0.00193702426
0.00059942131424877261	0.001794996509
0.000554109088453108276	0.0016589388681
0.000510765079395378621	0.00152879994
0.000469372104108642401	0.00140452694
0.00042991246903602945	0.001286065631
0.000392367936363951119	0.00117336019
0.000356719686676525333	0.00106635313
0.000322948277102544982	0.0009649851277
0.000291033594491479255	0.000869194922
0.000260954802517400627	0.000778919133
0.000232690281794391253	0.00069409208
0.000206217561574098458	0.000614645588
0.000181513241438255122	0.00054050872
0.000158552900832058141	0.00047160753
0.000137310993862369196	0.0004078647174
0.000117760725865509037	0.000349199262
0.000099873907418408363	0.00029552596
0.000083620779956069699	0.000246754881107
0.000068969805447751678	0.0002027907
0.000055887410251502396	0.000163531842
0.000044337670502668194	0.00012886947
0.000034281924354414381	0.0000986860415
0.00002567829897654021	0.0000728534778
0.000018436953846675188	0.00005127469
0.000012510549712069663	0.000033788548
7.764038617322739e-6	0.0000202932196
3.680194626893052e-6	0.000011029506
1.633858847732582e-6	4.286444e-6
4.01752085097895e-7	8.4747901e-7
0	0